Query1:
[0.0, 0.0, 0.0, 0.25, 0.4, 0.3333333333333333, 0.2857142857142857, 0.25, 0.2222222222222222, 0.2, 0.18181818181818182, 0.16666666666666666, 0.15384615384615385, 0.14285714285714285, 0.13333333333333333, 0.125, 0.11764705882352941, 0.1111111111111111, 0.10526315789473684, 0.1, 0.09523809523809523, 0.09090909090909091, 0.08695652173913043, 0.08333333333333333, 0.12, 0.11538461538461539, 0.1111111111111111, 0.10714285714285714, 0.10344827586206896, 0.1, 0.0967741935483871, 0.09375, 0.09090909090909091, 0.08823529411764706, 0.08571428571428572, 0.08333333333333333, 0.08108108108108109, 0.07894736842105263, 0.07692307692307693, 0.075, 0.07317073170731707, 0.07142857142857142, 0.06976744186046512, 0.06818181818181818, 0.06666666666666667, 0.06521739130434782, 0.06382978723404255, 0.0625, 0.061224489795918366, 0.06, 0.058823529411764705, 0.057692307692307696, 0.05660377358490566, 0.05555555555555555, 0.05454545454545454, 0.05357142857142857, 0.05263157894736842, 0.05172413793103448, 0.05084745762711865, 0.05, 0.04918032786885246, 0.04838709677419355, 0.047619047619047616, 0.046875, 0.046153846153846156, 0.045454545454545456, 0.04477611940298507, 0.04411764705882353, 0.043478260869565216, 0.04285714285714286, 0.04225352112676056, 0.041666666666666664, 0.0410958904109589, 0.04054054054054054, 0.04, 0.039473684210526314, 0.03896103896103896, 0.038461538461538464, 0.0379746835443038, 0.0375, 0.037037037037037035, 0.036585365853658534, 0.03614457831325301, 0.03571428571428571, 0.03529411764705882, 0.03488372093023256, 0.034482758620689655, 0.03409090909090909, 0.033707865168539325, 0.03333333333333333, 0.03296703296703297, 0.03260869565217391, 0.03225806451612903, 0.031914893617021274, 0.031578947368421054, 0.03125, 0.030927835051546393, 0.030612244897959183, 0.030303030303030304, 0.03]

Query2:
[0.0, 0.0, 0.0, 0.0, 0.0, 0.0, 0.0, 0.0, 0.0, 0.0, 0.0, 0.0, 0.0, 0.0, 0.0, 0.0, 0.0, 0.0, 0.0, 0.0, 0.0, 0.0, 0.0, 0.0, 0.0, 0.0, 0.0, 0.0, 0.0, 0.0, 0.0, 0.0, 0.0, 0.0, 0.0, 0.0, 0.0, 0.0, 0.0, 0.0, 0.0, 0.0, 0.0, 0.0, 0.0, 0.0, 0.0, 0.0, 0.0, 0.0, 0.0, 0.0, 0.0, 0.0, 0.0, 0.0, 0.0, 0.0, 0.0, 0.0, 0.0, 0.0, 0.0, 0.0, 0.0, 0.0, 0.0, 0.0, 0.0, 0.0, 0.0, 0.0, 0.0, 0.0, 0.0, 0.0, 0.0, 0.0, 0.0, 0.0, 0.0, 0.0, 0.0, 0.0, 0.0, 0.0, 0.0, 0.0, 0.0, 0.0, 0.0, 0.0, 0.0, 0.0, 0.0, 0.0, 0.0, 0.0, 0.0, 0.0]

Query3:
[0.0, 0.0, 0.0, 0.0, 0.0, 0.0, 0.0, 0.0, 0.0, 0.0, 0.0, 0.0, 0.0, 0.0, 0.0, 0.0, 0.0, 0.0, 0.0, 0.0, 0.0, 0.0, 0.0, 0.0, 0.0, 0.0, 0.0, 0.0, 0.0, 0.0, 0.0, 0.0, 0.0, 0.0, 0.0, 0.0, 0.0, 0.0, 0.0, 0.0, 0.0, 0.0, 0.0, 0.0, 0.0, 0.0, 0.0, 0.0, 0.0, 0.0, 0.0, 0.0, 0.0, 0.0, 0.0, 0.0, 0.0, 0.0, 0.0, 0.0, 0.0, 0.0, 0.0, 0.0, 0.0, 0.0, 0.0, 0.0, 0.0, 0.0, 0.0, 0.0, 0.0, 0.0, 0.0, 0.0, 0.0, 0.0, 0.0, 0.0, 0.0, 0.0, 0.0, 0.0, 0.0, 0.0, 0.0, 0.0, 0.0, 0.0, 0.0, 0.0, 0.0, 0.0, 0.0, 0.0, 0.0, 0.0, 0.0, 0.0]

Query4:
[0.0, 0.0, 0.0, 0.0, 0.0, 0.16666666666666666, 0.14285714285714285, 0.125, 0.1111111111111111, 0.1, 0.09090909090909091, 0.08333333333333333, 0.07692307692307693, 0.07142857142857142, 0.06666666666666667, 0.0625, 0.058823529411764705, 0.05555555555555555, 0.05263157894736842, 0.05, 0.047619047619047616, 0.045454545454545456, 0.043478260869565216, 0.041666666666666664, 0.04, 0.038461538461538464, 0.037037037037037035, 0.03571428571428571, 0.034482758620689655, 0.03333333333333333, 0.03225806451612903, 0.03125, 0.030303030303030304, 0.029411764705882353, 0.02857142857142857, 0.027777777777777776, 0.02702702702702703, 0.02631578947368421, 0.02564102564102564, 0.025, 0.024390243902439025, 0.023809523809523808, 0.023255813953488372, 0.022727272727272728, 0.022222222222222223, 0.021739130434782608, 0.02127659574468085, 0.020833333333333332, 0.02040816326530612, 0.02, 0.0196078431372549, 0.019230769230769232, 0.018867924528301886, 0.018518518518518517, 0.01818181818181818, 0.017857142857142856, 0.017543859649122806, 0.017241379310344827, 0.01694915254237288, 0.016666666666666666, 0.01639344262295082, 0.016129032258064516, 0.015873015873015872, 0.015625, 0.015384615384615385, 0.015151515151515152, 0.014925373134328358, 0.014705882352941176, 0.014492753623188406, 0.014285714285714285, 0.014084507042253521, 0.013888888888888888, 0.0136986301369863, 0.013513513513513514, 0.013333333333333334, 0.013157894736842105, 0.012987012987012988, 0.01282051282051282, 0.012658227848101266, 0.0125, 0.012345679012345678, 0.012195121951219513, 0.012048192771084338, 0.011904761904761904, 0.011764705882352941, 0.011627906976744186, 0.011494252873563218, 0.011363636363636364, 0.011235955056179775, 0.011111111111111112, 0.01098901098901099, 0.010869565217391304, 0.010752688172043012, 0.010638297872340425, 0.010526315789473684, 0.010416666666666666, 0.010309278350515464, 0.01020408163265306, 0.010101010101010102, 0.01]

Query5:
[0.0, 0.0, 0.3333333333333333, 0.5, 0.4, 0.3333333333333333, 0.2857142857142857, 0.25, 0.2222222222222222, 0.2, 0.18181818181818182, 0.16666666666666666, 0.15384615384615385, 0.14285714285714285, 0.13333333333333333, 0.125, 0.11764705882352941, 0.1111111111111111, 0.15789473684210525, 0.15, 0.14285714285714285, 0.13636363636363635, 0.13043478260869565, 0.125, 0.12, 0.11538461538461539, 0.1111111111111111, 0.10714285714285714, 0.10344827586206896, 0.1, 0.0967741935483871, 0.125, 0.12121212121212122, 0.11764705882352941, 0.11428571428571428, 0.1111111111111111, 0.10810810810810811, 0.10526315789473684, 0.10256410256410256, 0.1, 0.0975609756097561, 0.09523809523809523, 0.09302325581395349, 0.09090909090909091, 0.08888888888888889, 0.08695652173913043, 0.0851063829787234, 0.08333333333333333, 0.08163265306122448, 0.08, 0.0784313725490196, 0.07692307692307693, 0.07547169811320754, 0.07407407407407407, 0.07272727272727272, 0.07142857142857142, 0.07017543859649122, 0.06896551724137931, 0.06779661016949153, 0.08333333333333333, 0.08196721311475409, 0.0967741935483871, 0.09523809523809523, 0.09375, 0.09230769230769231, 0.09090909090909091, 0.08955223880597014, 0.08823529411764706, 0.08695652173913043, 0.08571428571428572, 0.08450704225352113, 0.08333333333333333, 0.0821917808219178, 0.08108108108108109, 0.08, 0.07894736842105263, 0.07792207792207792, 0.07692307692307693, 0.0759493670886076, 0.075, 0.07407407407407407, 0.07317073170731707, 0.07228915662650602, 0.07142857142857142, 0.07058823529411765, 0.06976744186046512, 0.06896551724137931, 0.06818181818181818, 0.06741573033707865, 0.06666666666666667, 0.06593406593406594, 0.06521739130434782, 0.06451612903225806, 0.06382978723404255, 0.06315789473684211, 0.0625, 0.061855670103092786, 0.061224489795918366, 0.06060606060606061, 0.06]

Query6:
[0.0, 0.0, 0.3333333333333333, 0.25, 0.2, 0.16666666666666666, 0.14285714285714285, 0.125, 0.1111111111111111, 0.1, 0.09090909090909091, 0.08333333333333333, 0.07692307692307693, 0.14285714285714285, 0.13333333333333333, 0.125, 0.11764705882352941, 0.1111111111111111, 0.10526315789473684, 0.1, 0.09523809523809523, 0.09090909090909091, 0.08695652173913043, 0.08333333333333333, 0.08, 0.07692307692307693, 0.07407407407407407, 0.07142857142857142, 0.06896551724137931, 0.06666666666666667, 0.06451612903225806, 0.0625, 0.06060606060606061, 0.058823529411764705, 0.05714285714285714, 0.05555555555555555, 0.05405405405405406, 0.05263157894736842, 0.05128205128205128, 0.05, 0.04878048780487805, 0.047619047619047616, 0.046511627906976744, 0.045454545454545456, 0.044444444444444446, 0.043478260869565216, 0.0425531914893617, 0.041666666666666664, 0.04081632653061224, 0.04, 0.0392156862745098, 0.038461538461538464, 0.03773584905660377, 0.037037037037037035, 0.03636363636363636, 0.03571428571428571, 0.03508771929824561, 0.05172413793103448, 0.05084745762711865, 0.05, 0.04918032786885246, 0.04838709677419355, 0.047619047619047616, 0.046875, 0.046153846153846156, 0.045454545454545456, 0.04477611940298507, 0.04411764705882353, 0.043478260869565216, 0.04285714285714286, 0.04225352112676056, 0.041666666666666664, 0.0410958904109589, 0.04054054054054054, 0.04, 0.039473684210526314, 0.03896103896103896, 0.038461538461538464, 0.0379746835443038, 0.0375, 0.037037037037037035, 0.036585365853658534, 0.03614457831325301, 0.03571428571428571, 0.03529411764705882, 0.03488372093023256, 0.034482758620689655, 0.03409090909090909, 0.033707865168539325, 0.03333333333333333, 0.03296703296703297, 0.03260869565217391, 0.03225806451612903, 0.031914893617021274, 0.031578947368421054, 0.03125, 0.030927835051546393, 0.030612244897959183, 0.030303030303030304, 0.03]

Query7:
[0.0, 0.0, 0.3333333333333333, 0.5, 0.6, 0.5, 0.5714285714285714, 0.625, 0.6666666666666666, 0.7, 0.6363636363636364, 0.5833333333333334, 0.6153846153846154, 0.5714285714285714, 0.5333333333333333, 0.5, 0.5294117647058824, 0.5, 0.47368421052631576, 0.45, 0.47619047619047616, 0.45454545454545453, 0.43478260869565216, 0.4166666666666667, 0.44, 0.4230769230769231, 0.4074074074074074, 0.39285714285714285, 0.3793103448275862, 0.36666666666666664, 0.3548387096774194, 0.34375, 0.36363636363636365, 0.35294117647058826, 0.34285714285714286, 0.3333333333333333, 0.32432432432432434, 0.3157894736842105, 0.3076923076923077, 0.3, 0.2926829268292683, 0.2857142857142857, 0.27906976744186046, 0.2727272727272727, 0.26666666666666666, 0.2608695652173913, 0.2553191489361702, 0.25, 0.24489795918367346, 0.24, 0.23529411764705882, 0.23076923076923078, 0.22641509433962265, 0.2222222222222222, 0.21818181818181817, 0.21428571428571427, 0.21052631578947367, 0.20689655172413793, 0.2033898305084746, 0.2, 0.19672131147540983, 0.1935483870967742, 0.19047619047619047, 0.1875, 0.18461538461538463, 0.18181818181818182, 0.1791044776119403, 0.17647058823529413, 0.17391304347826086, 0.18571428571428572, 0.19718309859154928, 0.19444444444444445, 0.1917808219178082, 0.1891891891891892, 0.18666666666666668, 0.18421052631578946, 0.18181818181818182, 0.1794871794871795, 0.17721518987341772, 0.175, 0.1728395061728395, 0.17073170731707318, 0.1686746987951807, 0.16666666666666666, 0.16470588235294117, 0.16279069767441862, 0.16091954022988506, 0.1590909090909091, 0.15730337078651685, 0.15555555555555556, 0.15384615384615385, 0.15217391304347827, 0.15053763440860216, 0.14893617021276595, 0.14736842105263157, 0.14583333333333334, 0.14432989690721648, 0.14285714285714285, 0.1414141414141414, 0.14]

Query8:
[0.0, 0.0, 0.0, 0.25, 0.2, 0.16666666666666666, 0.14285714285714285, 0.125, 0.2222222222222222, 0.3, 0.2727272727272727, 0.25, 0.23076923076923078, 0.21428571428571427, 0.2, 0.1875, 0.17647058823529413, 0.16666666666666666, 0.15789473684210525, 0.15, 0.14285714285714285, 0.13636363636363635, 0.13043478260869565, 0.125, 0.12, 0.11538461538461539, 0.1111111111111111, 0.10714285714285714, 0.10344827586206896, 0.1, 0.0967741935483871, 0.09375, 0.09090909090909091, 0.08823529411764706, 0.08571428571428572, 0.08333333333333333, 0.08108108108108109, 0.07894736842105263, 0.07692307692307693, 0.075, 0.07317073170731707, 0.07142857142857142, 0.06976744186046512, 0.06818181818181818, 0.06666666666666667, 0.06521739130434782, 0.06382978723404255, 0.0625, 0.061224489795918366, 0.06, 0.058823529411764705, 0.057692307692307696, 0.05660377358490566, 0.05555555555555555, 0.05454545454545454, 0.05357142857142857, 0.05263157894736842, 0.05172413793103448, 0.05084745762711865, 0.05, 0.04918032786885246, 0.04838709677419355, 0.047619047619047616, 0.046875, 0.046153846153846156, 0.045454545454545456, 0.04477611940298507, 0.04411764705882353, 0.043478260869565216, 0.04285714285714286, 0.04225352112676056, 0.041666666666666664, 0.0410958904109589, 0.04054054054054054, 0.04, 0.039473684210526314, 0.03896103896103896, 0.038461538461538464, 0.0379746835443038, 0.0375, 0.037037037037037035, 0.036585365853658534, 0.03614457831325301, 0.03571428571428571, 0.03529411764705882, 0.03488372093023256, 0.034482758620689655, 0.03409090909090909, 0.033707865168539325, 0.03333333333333333, 0.03296703296703297, 0.03260869565217391, 0.03225806451612903, 0.031914893617021274, 0.031578947368421054, 0.03125, 0.030927835051546393, 0.030612244897959183, 0.030303030303030304, 0.03]

Query9:
[0.0, 0.0, 0.0, 0.0, 0.2, 0.16666666666666666, 0.14285714285714285, 0.25, 0.2222222222222222, 0.2, 0.2727272727272727, 0.25, 0.23076923076923078, 0.21428571428571427, 0.2, 0.25, 0.23529411764705882, 0.2222222222222222, 0.21052631578947367, 0.2, 0.19047619047619047, 0.18181818181818182, 0.17391304347826086, 0.16666666666666666, 0.16, 0.15384615384615385, 0.14814814814814814, 0.14285714285714285, 0.13793103448275862, 0.13333333333333333, 0.12903225806451613, 0.125, 0.12121212121212122, 0.11764705882352941, 0.11428571428571428, 0.1111111111111111, 0.10810810810810811, 0.13157894736842105, 0.1282051282051282, 0.125, 0.12195121951219512, 0.11904761904761904, 0.11627906976744186, 0.11363636363636363, 0.1111111111111111, 0.10869565217391304, 0.10638297872340426, 0.10416666666666667, 0.10204081632653061, 0.1, 0.09803921568627451, 0.09615384615384616, 0.09433962264150944, 0.09259259259259259, 0.09090909090909091, 0.08928571428571429, 0.08771929824561403, 0.08620689655172414, 0.0847457627118644, 0.08333333333333333, 0.08196721311475409, 0.08064516129032258, 0.07936507936507936, 0.078125, 0.07692307692307693, 0.09090909090909091, 0.08955223880597014, 0.08823529411764706, 0.08695652173913043, 0.08571428571428572, 0.08450704225352113, 0.08333333333333333, 0.0821917808219178, 0.08108108108108109, 0.08, 0.07894736842105263, 0.07792207792207792, 0.07692307692307693, 0.0759493670886076, 0.075, 0.07407407407407407, 0.07317073170731707, 0.07228915662650602, 0.07142857142857142, 0.07058823529411765, 0.06976744186046512, 0.06896551724137931, 0.06818181818181818, 0.06741573033707865, 0.06666666666666667, 0.06593406593406594, 0.06521739130434782, 0.07526881720430108, 0.07446808510638298, 0.07368421052631578, 0.07291666666666667, 0.07216494845360824, 0.07142857142857142, 0.0707070707070707, 0.07]

Query10:
[1.0, 1.0, 0.6666666666666666, 0.75, 0.8, 0.6666666666666666, 0.7142857142857143, 0.75, 0.6666666666666666, 0.6, 0.5454545454545454, 0.5, 0.5384615384615384, 0.5714285714285714, 0.5333333333333333, 0.5625, 0.5294117647058824, 0.5, 0.5263157894736842, 0.5, 0.47619047619047616, 0.5, 0.4782608695652174, 0.5, 0.52, 0.5, 0.48148148148148145, 0.4642857142857143, 0.4482758620689655, 0.43333333333333335, 0.41935483870967744, 0.40625, 0.42424242424242425, 0.4117647058823529, 0.4, 0.3888888888888889, 0.3783783783783784, 0.3684210526315789, 0.358974358974359, 0.35, 0.34146341463414637, 0.3333333333333333, 0.32558139534883723, 0.3181818181818182, 0.3111111111111111, 0.32608695652173914, 0.3191489361702128, 0.3125, 0.32653061224489793, 0.32, 0.3137254901960784, 0.3076923076923077, 0.3018867924528302, 0.3148148148148148, 0.3090909090909091, 0.30357142857142855, 0.2982456140350877, 0.29310344827586204, 0.288135593220339, 0.2833333333333333, 0.2786885245901639, 0.27419354838709675, 0.2698412698412698, 0.265625, 0.26153846153846155, 0.25757575757575757, 0.2537313432835821, 0.25, 0.2463768115942029, 0.24285714285714285, 0.23943661971830985, 0.2361111111111111, 0.2328767123287671, 0.22972972972972974, 0.22666666666666666, 0.2236842105263158, 0.22077922077922077, 0.21794871794871795, 0.21518987341772153, 0.2125, 0.20987654320987653, 0.21951219512195122, 0.21686746987951808, 0.21428571428571427, 0.21176470588235294, 0.20930232558139536, 0.20689655172413793, 0.20454545454545456, 0.20224719101123595, 0.2, 0.1978021978021978, 0.1956521739130435, 0.20430107526881722, 0.20212765957446807, 0.2, 0.19791666666666666, 0.1958762886597938, 0.19387755102040816, 0.1919191919191919, 0.19]

Query11:
[1.0, 0.5, 0.6666666666666666, 0.5, 0.4, 0.3333333333333333, 0.2857142857142857, 0.375, 0.3333333333333333, 0.4, 0.36363636363636365, 0.3333333333333333, 0.38461538461538464, 0.35714285714285715, 0.4, 0.375, 0.35294117647058826, 0.3888888888888889, 0.3684210526315789, 0.35, 0.3333333333333333, 0.3181818181818182, 0.30434782608695654, 0.2916666666666667, 0.28, 0.2692307692307692, 0.25925925925925924, 0.25, 0.2413793103448276, 0.23333333333333334, 0.22580645161290322, 0.21875, 0.21212121212121213, 0.20588235294117646, 0.22857142857142856, 0.2222222222222222, 0.21621621621621623, 0.23684210526315788, 0.23076923076923078, 0.225, 0.21951219512195122, 0.21428571428571427, 0.20930232558139536, 0.20454545454545456, 0.2222222222222222, 0.21739130434782608, 0.2127659574468085, 0.20833333333333334, 0.20408163265306123, 0.2, 0.19607843137254902, 0.19230769230769232, 0.18867924528301888, 0.18518518518518517, 0.18181818181818182, 0.17857142857142858, 0.17543859649122806, 0.1724137931034483, 0.1694915254237288, 0.16666666666666666, 0.16393442622950818, 0.16129032258064516, 0.15873015873015872, 0.15625, 0.15384615384615385, 0.15151515151515152, 0.14925373134328357, 0.14705882352941177, 0.14492753623188406, 0.14285714285714285, 0.14084507042253522, 0.1388888888888889, 0.136986301369863, 0.14864864864864866, 0.16, 0.15789473684210525, 0.15584415584415584, 0.15384615384615385, 0.1518987341772152, 0.15, 0.14814814814814814, 0.14634146341463414, 0.14457831325301204, 0.14285714285714285, 0.1411764705882353, 0.13953488372093023, 0.13793103448275862, 0.13636363636363635, 0.1348314606741573, 0.13333333333333333, 0.13186813186813187, 0.13043478260869565, 0.12903225806451613, 0.1276595744680851, 0.12631578947368421, 0.125, 0.12371134020618557, 0.12244897959183673, 0.12121212121212122, 0.12]

Query12:
[0.0, 0.5, 0.6666666666666666, 0.5, 0.4, 0.3333333333333333, 0.2857142857142857, 0.25, 0.2222222222222222, 0.2, 0.18181818181818182, 0.16666666666666666, 0.15384615384615385, 0.14285714285714285, 0.13333333333333333, 0.125, 0.11764705882352941, 0.1111111111111111, 0.10526315789473684, 0.1, 0.09523809523809523, 0.09090909090909091, 0.08695652173913043, 0.08333333333333333, 0.08, 0.07692307692307693, 0.07407407407407407, 0.07142857142857142, 0.06896551724137931, 0.06666666666666667, 0.06451612903225806, 0.09375, 0.09090909090909091, 0.08823529411764706, 0.08571428571428572, 0.08333333333333333, 0.08108108108108109, 0.07894736842105263, 0.07692307692307693, 0.075, 0.07317073170731707, 0.07142857142857142, 0.06976744186046512, 0.06818181818181818, 0.06666666666666667, 0.06521739130434782, 0.06382978723404255, 0.0625, 0.061224489795918366, 0.06, 0.058823529411764705, 0.057692307692307696, 0.05660377358490566, 0.05555555555555555, 0.05454545454545454, 0.05357142857142857, 0.05263157894736842, 0.05172413793103448, 0.05084745762711865, 0.05, 0.06557377049180328, 0.06451612903225806, 0.06349206349206349, 0.0625, 0.06153846153846154, 0.06060606060606061, 0.05970149253731343, 0.058823529411764705, 0.057971014492753624, 0.05714285714285714, 0.056338028169014086, 0.05555555555555555, 0.0547945205479452, 0.05405405405405406, 0.05333333333333334, 0.05263157894736842, 0.05194805194805195, 0.05128205128205128, 0.05063291139240506, 0.05, 0.04938271604938271, 0.04878048780487805, 0.04819277108433735, 0.047619047619047616, 0.047058823529411764, 0.046511627906976744, 0.04597701149425287, 0.045454545454545456, 0.0449438202247191, 0.044444444444444446, 0.04395604395604396, 0.043478260869565216, 0.043010752688172046, 0.0425531914893617, 0.042105263157894736, 0.041666666666666664, 0.041237113402061855, 0.04081632653061224, 0.04040404040404041, 0.04]

Query13:
[1.0, 1.0, 0.6666666666666666, 0.5, 0.4, 0.3333333333333333, 0.2857142857142857, 0.25, 0.3333333333333333, 0.3, 0.36363636363636365, 0.3333333333333333, 0.3076923076923077, 0.2857142857142857, 0.26666666666666666, 0.3125, 0.29411764705882354, 0.3333333333333333, 0.3157894736842105, 0.3, 0.2857142857142857, 0.2727272727272727, 0.2608695652173913, 0.25, 0.24, 0.23076923076923078, 0.2222222222222222, 0.21428571428571427, 0.20689655172413793, 0.2, 0.22580645161290322, 0.21875, 0.21212121212121213, 0.20588235294117646, 0.2, 0.19444444444444445, 0.1891891891891892, 0.18421052631578946, 0.1794871794871795, 0.175, 0.17073170731707318, 0.16666666666666666, 0.16279069767441862, 0.1590909090909091, 0.15555555555555556, 0.15217391304347827, 0.14893617021276595, 0.14583333333333334, 0.14285714285714285, 0.14, 0.13725490196078433, 0.1346153846153846, 0.1320754716981132, 0.12962962962962962, 0.12727272727272726, 0.125, 0.12280701754385964, 0.1206896551724138, 0.11864406779661017, 0.11666666666666667, 0.11475409836065574, 0.11290322580645161, 0.1111111111111111, 0.109375, 0.1076923076923077, 0.10606060606060606, 0.1044776119402985, 0.10294117647058823, 0.10144927536231885, 0.1, 0.09859154929577464, 0.09722222222222222, 0.0958904109589041, 0.0945945945945946, 0.09333333333333334, 0.09210526315789473, 0.09090909090909091, 0.08974358974358974, 0.08860759493670886, 0.0875, 0.08641975308641975, 0.08536585365853659, 0.08433734939759036, 0.08333333333333333, 0.08235294117647059, 0.08139534883720931, 0.08045977011494253, 0.07954545454545454, 0.07865168539325842, 0.07777777777777778, 0.07692307692307693, 0.07608695652173914, 0.07526881720430108, 0.07446808510638298, 0.07368421052631578, 0.07291666666666667, 0.07216494845360824, 0.07142857142857142, 0.0707070707070707, 0.07]

Query14:
[0.0, 0.0, 0.0, 0.0, 0.0, 0.0, 0.0, 0.0, 0.0, 0.0, 0.0, 0.0, 0.0, 0.0, 0.0, 0.0, 0.0, 0.0, 0.0, 0.0, 0.0, 0.0, 0.0, 0.0, 0.0, 0.0, 0.037037037037037035, 0.03571428571428571, 0.034482758620689655, 0.03333333333333333, 0.03225806451612903, 0.03125, 0.030303030303030304, 0.029411764705882353, 0.05714285714285714, 0.05555555555555555, 0.05405405405405406, 0.05263157894736842, 0.05128205128205128, 0.05, 0.04878048780487805, 0.047619047619047616, 0.046511627906976744, 0.045454545454545456, 0.044444444444444446, 0.043478260869565216, 0.0425531914893617, 0.041666666666666664, 0.04081632653061224, 0.04, 0.0392156862745098, 0.038461538461538464, 0.03773584905660377, 0.05555555555555555, 0.05454545454545454, 0.05357142857142857, 0.05263157894736842, 0.05172413793103448, 0.05084745762711865, 0.05, 0.04918032786885246, 0.04838709677419355, 0.047619047619047616, 0.046875, 0.046153846153846156, 0.045454545454545456, 0.04477611940298507, 0.04411764705882353, 0.043478260869565216, 0.04285714285714286, 0.04225352112676056, 0.041666666666666664, 0.0410958904109589, 0.04054054054054054, 0.05333333333333334, 0.05263157894736842, 0.05194805194805195, 0.05128205128205128, 0.05063291139240506, 0.05, 0.04938271604938271, 0.04878048780487805, 0.04819277108433735, 0.047619047619047616, 0.047058823529411764, 0.046511627906976744, 0.04597701149425287, 0.045454545454545456, 0.0449438202247191, 0.044444444444444446, 0.04395604395604396, 0.043478260869565216, 0.043010752688172046, 0.0425531914893617, 0.042105263157894736, 0.041666666666666664, 0.041237113402061855, 0.04081632653061224, 0.04040404040404041, 0.04]

Query15:
[1.0, 0.5, 0.3333333333333333, 0.25, 0.2, 0.16666666666666666, 0.14285714285714285, 0.125, 0.2222222222222222, 0.2, 0.18181818181818182, 0.16666666666666666, 0.15384615384615385, 0.14285714285714285, 0.13333333333333333, 0.125, 0.11764705882352941, 0.1111111111111111, 0.10526315789473684, 0.1, 0.09523809523809523, 0.09090909090909091, 0.08695652173913043, 0.08333333333333333, 0.12, 0.11538461538461539, 0.1111111111111111, 0.10714285714285714, 0.10344827586206896, 0.1, 0.0967741935483871, 0.09375, 0.09090909090909091, 0.08823529411764706, 0.08571428571428572, 0.08333333333333333, 0.08108108108108109, 0.07894736842105263, 0.07692307692307693, 0.075, 0.07317073170731707, 0.07142857142857142, 0.06976744186046512, 0.06818181818181818, 0.06666666666666667, 0.06521739130434782, 0.06382978723404255, 0.0625, 0.061224489795918366, 0.06, 0.058823529411764705, 0.057692307692307696, 0.05660377358490566, 0.05555555555555555, 0.05454545454545454, 0.05357142857142857, 0.05263157894736842, 0.05172413793103448, 0.05084745762711865, 0.05, 0.04918032786885246, 0.04838709677419355, 0.047619047619047616, 0.046875, 0.046153846153846156, 0.045454545454545456, 0.04477611940298507, 0.04411764705882353, 0.043478260869565216, 0.04285714285714286, 0.04225352112676056, 0.041666666666666664, 0.0410958904109589, 0.04054054054054054, 0.04, 0.039473684210526314, 0.03896103896103896, 0.038461538461538464, 0.0379746835443038, 0.0375, 0.037037037037037035, 0.036585365853658534, 0.03614457831325301, 0.03571428571428571, 0.03529411764705882, 0.03488372093023256, 0.034482758620689655, 0.03409090909090909, 0.033707865168539325, 0.03333333333333333, 0.03296703296703297, 0.03260869565217391, 0.03225806451612903, 0.031914893617021274, 0.031578947368421054, 0.03125, 0.030927835051546393, 0.030612244897959183, 0.030303030303030304, 0.03]

Query16:
[1.0, 0.5, 0.3333333333333333, 0.25, 0.4, 0.3333333333333333, 0.2857142857142857, 0.25, 0.2222222222222222, 0.2, 0.18181818181818182, 0.16666666666666666, 0.15384615384615385, 0.14285714285714285, 0.13333333333333333, 0.125, 0.17647058823529413, 0.16666666666666666, 0.15789473684210525, 0.2, 0.19047619047619047, 0.18181818181818182, 0.17391304347826086, 0.16666666666666666, 0.16, 0.15384615384615385, 0.14814814814814814, 0.14285714285714285, 0.13793103448275862, 0.13333333333333333, 0.12903225806451613, 0.125, 0.12121212121212122, 0.11764705882352941, 0.11428571428571428, 0.1111111111111111, 0.10810810810810811, 0.10526315789473684, 0.1282051282051282, 0.125, 0.12195121951219512, 0.11904761904761904, 0.11627906976744186, 0.11363636363636363, 0.1111111111111111, 0.10869565217391304, 0.10638297872340426, 0.10416666666666667, 0.10204081632653061, 0.1, 0.09803921568627451, 0.09615384615384616, 0.09433962264150944, 0.09259259259259259, 0.09090909090909091, 0.08928571428571429, 0.08771929824561403, 0.08620689655172414, 0.0847457627118644, 0.08333333333333333, 0.08196721311475409, 0.08064516129032258, 0.07936507936507936, 0.078125, 0.07692307692307693, 0.07575757575757576, 0.07462686567164178, 0.07352941176470588, 0.07246376811594203, 0.07142857142857142, 0.07042253521126761, 0.06944444444444445, 0.0684931506849315, 0.06756756756756757, 0.06666666666666667, 0.06578947368421052, 0.07792207792207792, 0.07692307692307693, 0.0759493670886076, 0.075, 0.07407407407407407, 0.07317073170731707, 0.07228915662650602, 0.07142857142857142, 0.07058823529411765, 0.06976744186046512, 0.08045977011494253, 0.07954545454545454, 0.07865168539325842, 0.07777777777777778, 0.07692307692307693, 0.07608695652173914, 0.07526881720430108, 0.07446808510638298, 0.07368421052631578, 0.07291666666666667, 0.07216494845360824, 0.07142857142857142, 0.0707070707070707, 0.07]

Query17:
[0.0, 0.0, 0.0, 0.25, 0.2, 0.16666666666666666, 0.2857142857142857, 0.375, 0.3333333333333333, 0.3, 0.36363636363636365, 0.3333333333333333, 0.38461538461538464, 0.35714285714285715, 0.3333333333333333, 0.3125, 0.29411764705882354, 0.2777777777777778, 0.3157894736842105, 0.3, 0.2857142857142857, 0.2727272727272727, 0.2608695652173913, 0.25, 0.28, 0.2692307692307692, 0.25925925925925924, 0.25, 0.2413793103448276, 0.23333333333333334, 0.22580645161290322, 0.21875, 0.21212121212121213, 0.20588235294117646, 0.2, 0.19444444444444445, 0.1891891891891892, 0.18421052631578946, 0.1794871794871795, 0.175, 0.17073170731707318, 0.16666666666666666, 0.16279069767441862, 0.1590909090909091, 0.15555555555555556, 0.15217391304347827, 0.14893617021276595, 0.14583333333333334, 0.14285714285714285, 0.14, 0.13725490196078433, 0.15384615384615385, 0.1509433962264151, 0.14814814814814814, 0.14545454545454545, 0.14285714285714285, 0.14035087719298245, 0.13793103448275862, 0.13559322033898305, 0.13333333333333333, 0.13114754098360656, 0.12903225806451613, 0.12698412698412698, 0.125, 0.12307692307692308, 0.13636363636363635, 0.13432835820895522, 0.1323529411764706, 0.13043478260869565, 0.12857142857142856, 0.1267605633802817, 0.125, 0.1232876712328767, 0.12162162162162163, 0.12, 0.11842105263157894, 0.11688311688311688, 0.11538461538461539, 0.11392405063291139, 0.1125, 0.1111111111111111, 0.10975609756097561, 0.10843373493975904, 0.10714285714285714, 0.10588235294117647, 0.10465116279069768, 0.10344827586206896, 0.10227272727272728, 0.10112359550561797, 0.1, 0.0989010989010989, 0.09782608695652174, 0.0967741935483871, 0.09574468085106383, 0.09473684210526316, 0.09375, 0.09278350515463918, 0.09183673469387756, 0.09090909090909091, 0.09]

Query18:
[0.0, 0.5, 0.3333333333333333, 0.25, 0.2, 0.16666666666666666, 0.14285714285714285, 0.125, 0.1111111111111111, 0.1, 0.09090909090909091, 0.08333333333333333, 0.15384615384615385, 0.14285714285714285, 0.13333333333333333, 0.125, 0.11764705882352941, 0.1111111111111111, 0.10526315789473684, 0.1, 0.09523809523809523, 0.09090909090909091, 0.08695652173913043, 0.08333333333333333, 0.08, 0.07692307692307693, 0.07407407407407407, 0.07142857142857142, 0.06896551724137931, 0.06666666666666667, 0.06451612903225806, 0.0625, 0.06060606060606061, 0.058823529411764705, 0.05714285714285714, 0.05555555555555555, 0.05405405405405406, 0.05263157894736842, 0.05128205128205128, 0.05, 0.04878048780487805, 0.047619047619047616, 0.046511627906976744, 0.045454545454545456, 0.044444444444444446, 0.043478260869565216, 0.0425531914893617, 0.041666666666666664, 0.04081632653061224, 0.04, 0.0392156862745098, 0.038461538461538464, 0.03773584905660377, 0.037037037037037035, 0.03636363636363636, 0.03571428571428571, 0.03508771929824561, 0.034482758620689655, 0.03389830508474576, 0.03333333333333333, 0.03278688524590164, 0.03225806451612903, 0.031746031746031744, 0.03125, 0.03076923076923077, 0.030303030303030304, 0.029850746268656716, 0.029411764705882353, 0.028985507246376812, 0.02857142857142857, 0.028169014084507043, 0.027777777777777776, 0.0273972602739726, 0.02702702702702703, 0.02666666666666667, 0.02631578947368421, 0.025974025974025976, 0.02564102564102564, 0.02531645569620253, 0.025, 0.024691358024691357, 0.024390243902439025, 0.024096385542168676, 0.023809523809523808, 0.023529411764705882, 0.023255813953488372, 0.022988505747126436, 0.022727272727272728, 0.02247191011235955, 0.022222222222222223, 0.02197802197802198, 0.03260869565217391, 0.03225806451612903, 0.031914893617021274, 0.031578947368421054, 0.03125, 0.030927835051546393, 0.030612244897959183, 0.030303030303030304, 0.03]

Query19:
[0.0, 0.0, 0.0, 0.25, 0.4, 0.3333333333333333, 0.2857142857142857, 0.25, 0.3333333333333333, 0.3, 0.2727272727272727, 0.25, 0.3076923076923077, 0.2857142857142857, 0.26666666666666666, 0.25, 0.23529411764705882, 0.2222222222222222, 0.21052631578947367, 0.2, 0.19047619047619047, 0.18181818181818182, 0.17391304347826086, 0.16666666666666666, 0.16, 0.15384615384615385, 0.14814814814814814, 0.14285714285714285, 0.13793103448275862, 0.13333333333333333, 0.12903225806451613, 0.125, 0.12121212121212122, 0.11764705882352941, 0.11428571428571428, 0.1111111111111111, 0.10810810810810811, 0.13157894736842105, 0.1282051282051282, 0.125, 0.12195121951219512, 0.11904761904761904, 0.11627906976744186, 0.11363636363636363, 0.1111111111111111, 0.10869565217391304, 0.10638297872340426, 0.10416666666666667, 0.10204081632653061, 0.1, 0.09803921568627451, 0.09615384615384616, 0.09433962264150944, 0.09259259259259259, 0.09090909090909091, 0.08928571428571429, 0.08771929824561403, 0.08620689655172414, 0.0847457627118644, 0.08333333333333333, 0.08196721311475409, 0.08064516129032258, 0.07936507936507936, 0.078125, 0.07692307692307693, 0.07575757575757576, 0.07462686567164178, 0.07352941176470588, 0.08695652173913043, 0.08571428571428572, 0.08450704225352113, 0.08333333333333333, 0.0821917808219178, 0.08108108108108109, 0.08, 0.07894736842105263, 0.07792207792207792, 0.07692307692307693, 0.0759493670886076, 0.075, 0.07407407407407407, 0.07317073170731707, 0.07228915662650602, 0.07142857142857142, 0.07058823529411765, 0.06976744186046512, 0.06896551724137931, 0.06818181818181818, 0.06741573033707865, 0.06666666666666667, 0.06593406593406594, 0.06521739130434782, 0.06451612903225806, 0.06382978723404255, 0.06315789473684211, 0.0625, 0.061855670103092786, 0.061224489795918366, 0.06060606060606061, 0.06]

Query20:
[1.0, 1.0, 0.6666666666666666, 0.5, 0.4, 0.3333333333333333, 0.2857142857142857, 0.375, 0.3333333333333333, 0.3, 0.2727272727272727, 0.25, 0.23076923076923078, 0.21428571428571427, 0.2, 0.1875, 0.17647058823529413, 0.16666666666666666, 0.15789473684210525, 0.15, 0.14285714285714285, 0.13636363636363635, 0.13043478260869565, 0.125, 0.12, 0.11538461538461539, 0.1111111111111111, 0.10714285714285714, 0.10344827586206896, 0.1, 0.0967741935483871, 0.09375, 0.09090909090909091, 0.08823529411764706, 0.08571428571428572, 0.08333333333333333, 0.08108108108108109, 0.07894736842105263, 0.07692307692307693, 0.075, 0.07317073170731707, 0.07142857142857142, 0.06976744186046512, 0.06818181818181818, 0.06666666666666667, 0.06521739130434782, 0.06382978723404255, 0.0625, 0.061224489795918366, 0.06, 0.058823529411764705, 0.057692307692307696, 0.05660377358490566, 0.05555555555555555, 0.05454545454545454, 0.05357142857142857, 0.05263157894736842, 0.05172413793103448, 0.05084745762711865, 0.05, 0.04918032786885246, 0.04838709677419355, 0.047619047619047616, 0.046875, 0.046153846153846156, 0.045454545454545456, 0.04477611940298507, 0.04411764705882353, 0.043478260869565216, 0.04285714285714286, 0.04225352112676056, 0.041666666666666664, 0.0410958904109589, 0.04054054054054054, 0.04, 0.039473684210526314, 0.03896103896103896, 0.038461538461538464, 0.0379746835443038, 0.0375, 0.037037037037037035, 0.036585365853658534, 0.03614457831325301, 0.03571428571428571, 0.03529411764705882, 0.03488372093023256, 0.034482758620689655, 0.03409090909090909, 0.033707865168539325, 0.03333333333333333, 0.03296703296703297, 0.03260869565217391, 0.03225806451612903, 0.031914893617021274, 0.031578947368421054, 0.03125, 0.030927835051546393, 0.030612244897959183, 0.030303030303030304, 0.03]

Query21:
[0.0, 0.0, 0.0, 0.25, 0.4, 0.3333333333333333, 0.2857142857142857, 0.375, 0.3333333333333333, 0.4, 0.36363636363636365, 0.3333333333333333, 0.3076923076923077, 0.2857142857142857, 0.26666666666666666, 0.25, 0.23529411764705882, 0.2222222222222222, 0.21052631578947367, 0.2, 0.19047619047619047, 0.18181818181818182, 0.17391304347826086, 0.16666666666666666, 0.16, 0.15384615384615385, 0.14814814814814814, 0.14285714285714285, 0.13793103448275862, 0.13333333333333333, 0.12903225806451613, 0.125, 0.12121212121212122, 0.11764705882352941, 0.11428571428571428, 0.1111111111111111, 0.10810810810810811, 0.10526315789473684, 0.10256410256410256, 0.1, 0.0975609756097561, 0.09523809523809523, 0.09302325581395349, 0.09090909090909091, 0.08888888888888889, 0.08695652173913043, 0.0851063829787234, 0.08333333333333333, 0.08163265306122448, 0.08, 0.0784313725490196, 0.07692307692307693, 0.07547169811320754, 0.07407407407407407, 0.07272727272727272, 0.07142857142857142, 0.07017543859649122, 0.06896551724137931, 0.06779661016949153, 0.06666666666666667, 0.06557377049180328, 0.06451612903225806, 0.06349206349206349, 0.0625, 0.06153846153846154, 0.06060606060606061, 0.05970149253731343, 0.058823529411764705, 0.057971014492753624, 0.05714285714285714, 0.056338028169014086, 0.05555555555555555, 0.0547945205479452, 0.05405405405405406, 0.05333333333333334, 0.05263157894736842, 0.05194805194805195, 0.05128205128205128, 0.05063291139240506, 0.0625, 0.06172839506172839, 0.06097560975609756, 0.07228915662650602, 0.07142857142857142, 0.07058823529411765, 0.06976744186046512, 0.06896551724137931, 0.06818181818181818, 0.06741573033707865, 0.06666666666666667, 0.06593406593406594, 0.06521739130434782, 0.06451612903225806, 0.06382978723404255, 0.06315789473684211, 0.0625, 0.061855670103092786, 0.061224489795918366, 0.06060606060606061, 0.06]

Query22:
[1.0, 0.5, 0.6666666666666666, 0.75, 0.8, 0.8333333333333334, 0.8571428571428571, 0.75, 0.7777777777777778, 0.8, 0.8181818181818182, 0.75, 0.7692307692307693, 0.7857142857142857, 0.8, 0.8125, 0.7647058823529411, 0.7222222222222222, 0.6842105263157895, 0.65, 0.6190476190476191, 0.5909090909090909, 0.6086956521739131, 0.5833333333333334, 0.6, 0.6153846153846154, 0.5925925925925926, 0.5714285714285714, 0.5517241379310345, 0.5333333333333333, 0.5161290322580645, 0.5, 0.48484848484848486, 0.47058823529411764, 0.45714285714285713, 0.4444444444444444, 0.43243243243243246, 0.42105263157894735, 0.41025641025641024, 0.4, 0.3902439024390244, 0.38095238095238093, 0.37209302325581395, 0.36363636363636365, 0.35555555555555557, 0.34782608695652173, 0.3404255319148936, 0.3333333333333333, 0.32653061224489793, 0.32, 0.3137254901960784, 0.3076923076923077, 0.3018867924528302, 0.2962962962962963, 0.2909090909090909, 0.2857142857142857, 0.2807017543859649, 0.27586206896551724, 0.2711864406779661, 0.26666666666666666, 0.26229508196721313, 0.25806451612903225, 0.25396825396825395, 0.25, 0.24615384615384617, 0.24242424242424243, 0.23880597014925373, 0.23529411764705882, 0.2318840579710145, 0.22857142857142856, 0.22535211267605634, 0.2222222222222222, 0.2191780821917808, 0.21621621621621623, 0.21333333333333335, 0.21052631578947367, 0.2077922077922078, 0.20512820512820512, 0.20253164556962025, 0.2, 0.19753086419753085, 0.1951219512195122, 0.1927710843373494, 0.19047619047619047, 0.18823529411764706, 0.18604651162790697, 0.1839080459770115, 0.18181818181818182, 0.1797752808988764, 0.17777777777777778, 0.17582417582417584, 0.17391304347826086, 0.17204301075268819, 0.1702127659574468, 0.16842105263157894, 0.16666666666666666, 0.16494845360824742, 0.16326530612244897, 0.16161616161616163, 0.16]

Query23:
[1.0, 1.0, 0.6666666666666666, 0.5, 0.4, 0.3333333333333333, 0.42857142857142855, 0.375, 0.3333333333333333, 0.3, 0.2727272727272727, 0.25, 0.23076923076923078, 0.21428571428571427, 0.2, 0.1875, 0.17647058823529413, 0.16666666666666666, 0.15789473684210525, 0.15, 0.14285714285714285, 0.13636363636363635, 0.13043478260869565, 0.125, 0.12, 0.11538461538461539, 0.14814814814814814, 0.14285714285714285, 0.13793103448275862, 0.13333333333333333, 0.12903225806451613, 0.125, 0.12121212121212122, 0.11764705882352941, 0.11428571428571428, 0.1111111111111111, 0.10810810810810811, 0.10526315789473684, 0.10256410256410256, 0.1, 0.0975609756097561, 0.09523809523809523, 0.09302325581395349, 0.09090909090909091, 0.08888888888888889, 0.08695652173913043, 0.0851063829787234, 0.08333333333333333, 0.08163265306122448, 0.08, 0.0784313725490196, 0.07692307692307693, 0.07547169811320754, 0.07407407407407407, 0.07272727272727272, 0.07142857142857142, 0.07017543859649122, 0.06896551724137931, 0.06779661016949153, 0.06666666666666667, 0.06557377049180328, 0.06451612903225806, 0.06349206349206349, 0.0625, 0.06153846153846154, 0.06060606060606061, 0.05970149253731343, 0.058823529411764705, 0.057971014492753624, 0.05714285714285714, 0.056338028169014086, 0.05555555555555555, 0.0547945205479452, 0.05405405405405406, 0.05333333333333334, 0.05263157894736842, 0.05194805194805195, 0.05128205128205128, 0.05063291139240506, 0.05, 0.04938271604938271, 0.04878048780487805, 0.04819277108433735, 0.047619047619047616, 0.047058823529411764, 0.046511627906976744, 0.04597701149425287, 0.045454545454545456, 0.0449438202247191, 0.044444444444444446, 0.04395604395604396, 0.043478260869565216, 0.043010752688172046, 0.0425531914893617, 0.042105263157894736, 0.041666666666666664, 0.041237113402061855, 0.04081632653061224, 0.04040404040404041, 0.04]

Query24:
[0.0, 0.0, 0.3333333333333333, 0.25, 0.2, 0.16666666666666666, 0.14285714285714285, 0.125, 0.1111111111111111, 0.1, 0.09090909090909091, 0.08333333333333333, 0.07692307692307693, 0.07142857142857142, 0.06666666666666667, 0.0625, 0.058823529411764705, 0.05555555555555555, 0.05263157894736842, 0.05, 0.047619047619047616, 0.045454545454545456, 0.043478260869565216, 0.041666666666666664, 0.04, 0.038461538461538464, 0.037037037037037035, 0.03571428571428571, 0.034482758620689655, 0.03333333333333333, 0.03225806451612903, 0.03125, 0.030303030303030304, 0.029411764705882353, 0.02857142857142857, 0.027777777777777776, 0.02702702702702703, 0.02631578947368421, 0.02564102564102564, 0.025, 0.024390243902439025, 0.023809523809523808, 0.023255813953488372, 0.022727272727272728, 0.022222222222222223, 0.021739130434782608, 0.02127659574468085, 0.020833333333333332, 0.02040816326530612, 0.02, 0.0196078431372549, 0.019230769230769232, 0.018867924528301886, 0.018518518518518517, 0.01818181818181818, 0.017857142857142856, 0.017543859649122806, 0.017241379310344827, 0.01694915254237288, 0.016666666666666666, 0.01639344262295082, 0.016129032258064516, 0.015873015873015872, 0.03125, 0.03076923076923077, 0.030303030303030304, 0.029850746268656716, 0.029411764705882353, 0.028985507246376812, 0.02857142857142857, 0.028169014084507043, 0.027777777777777776, 0.0273972602739726, 0.02702702702702703, 0.02666666666666667, 0.02631578947368421, 0.025974025974025976, 0.02564102564102564, 0.02531645569620253, 0.025, 0.024691358024691357, 0.024390243902439025, 0.024096385542168676, 0.023809523809523808, 0.023529411764705882, 0.023255813953488372, 0.022988505747126436, 0.022727272727272728, 0.02247191011235955, 0.022222222222222223, 0.02197802197802198, 0.021739130434782608, 0.021505376344086023, 0.02127659574468085, 0.021052631578947368, 0.020833333333333332, 0.020618556701030927, 0.02040816326530612, 0.020202020202020204, 0.02]

Query25:
[0.0, 0.0, 0.3333333333333333, 0.25, 0.2, 0.3333333333333333, 0.2857142857142857, 0.25, 0.3333333333333333, 0.3, 0.36363636363636365, 0.3333333333333333, 0.3076923076923077, 0.2857142857142857, 0.26666666666666666, 0.25, 0.23529411764705882, 0.2222222222222222, 0.2631578947368421, 0.25, 0.23809523809523808, 0.22727272727272727, 0.2608695652173913, 0.2916666666666667, 0.28, 0.2692307692307692, 0.25925925925925924, 0.2857142857142857, 0.27586206896551724, 0.26666666666666666, 0.2903225806451613, 0.28125, 0.2727272727272727, 0.29411764705882354, 0.3142857142857143, 0.3055555555555556, 0.2972972972972973, 0.2894736842105263, 0.28205128205128205, 0.275, 0.2682926829268293, 0.2619047619047619, 0.27906976744186046, 0.2727272727272727, 0.28888888888888886, 0.2826086956521739, 0.2765957446808511, 0.2708333333333333, 0.2653061224489796, 0.28, 0.27450980392156865, 0.2692307692307692, 0.2641509433962264, 0.25925925925925924, 0.2545454545454545, 0.26785714285714285, 0.2631578947368421, 0.25862068965517243, 0.2542372881355932, 0.25, 0.2459016393442623, 0.24193548387096775, 0.23809523809523808, 0.234375, 0.24615384615384617, 0.24242424242424243, 0.2537313432835821, 0.25, 0.2608695652173913, 0.2571428571428571, 0.2535211267605634, 0.25, 0.2465753424657534, 0.24324324324324326, 0.24, 0.23684210526315788, 0.23376623376623376, 0.23076923076923078, 0.22784810126582278, 0.2375, 0.2345679012345679, 0.23170731707317074, 0.2289156626506024, 0.23809523809523808, 0.23529411764705882, 0.23255813953488372, 0.22988505747126436, 0.22727272727272727, 0.2247191011235955, 0.2222222222222222, 0.21978021978021978, 0.21739130434782608, 0.21505376344086022, 0.2127659574468085, 0.21052631578947367, 0.20833333333333334, 0.20618556701030927, 0.20408163265306123, 0.20202020202020202, 0.2]

Query26:
[0.0, 0.0, 0.0, 0.0, 0.0, 0.0, 0.0, 0.0, 0.0, 0.1, 0.09090909090909091, 0.08333333333333333, 0.07692307692307693, 0.07142857142857142, 0.06666666666666667, 0.125, 0.11764705882352941, 0.1111111111111111, 0.10526315789473684, 0.1, 0.09523809523809523, 0.09090909090909091, 0.08695652173913043, 0.08333333333333333, 0.08, 0.11538461538461539, 0.1111111111111111, 0.10714285714285714, 0.10344827586206896, 0.1, 0.0967741935483871, 0.09375, 0.09090909090909091, 0.08823529411764706, 0.08571428571428572, 0.08333333333333333, 0.08108108108108109, 0.07894736842105263, 0.07692307692307693, 0.075, 0.07317073170731707, 0.07142857142857142, 0.06976744186046512, 0.06818181818181818, 0.08888888888888889, 0.08695652173913043, 0.0851063829787234, 0.08333333333333333, 0.08163265306122448, 0.08, 0.0784313725490196, 0.07692307692307693, 0.07547169811320754, 0.07407407407407407, 0.07272727272727272, 0.07142857142857142, 0.08771929824561403, 0.08620689655172414, 0.0847457627118644, 0.08333333333333333, 0.08196721311475409, 0.08064516129032258, 0.07936507936507936, 0.078125, 0.07692307692307693, 0.07575757575757576, 0.07462686567164178, 0.07352941176470588, 0.07246376811594203, 0.07142857142857142, 0.08450704225352113, 0.08333333333333333, 0.0821917808219178, 0.08108108108108109, 0.09333333333333334, 0.09210526315789473, 0.09090909090909091, 0.08974358974358974, 0.08860759493670886, 0.0875, 0.08641975308641975, 0.08536585365853659, 0.08433734939759036, 0.08333333333333333, 0.08235294117647059, 0.08139534883720931, 0.08045977011494253, 0.07954545454545454, 0.07865168539325842, 0.07777777777777778, 0.07692307692307693, 0.07608695652173914, 0.07526881720430108, 0.07446808510638298, 0.07368421052631578, 0.07291666666666667, 0.08247422680412371, 0.08163265306122448, 0.09090909090909091, 0.09]

Query27:
[1.0, 0.5, 0.6666666666666666, 0.5, 0.4, 0.5, 0.42857142857142855, 0.5, 0.4444444444444444, 0.5, 0.45454545454545453, 0.5, 0.5384615384615384, 0.5, 0.5333333333333333, 0.5, 0.47058823529411764, 0.4444444444444444, 0.42105263157894735, 0.4, 0.38095238095238093, 0.36363636363636365, 0.34782608695652173, 0.3333333333333333, 0.32, 0.3076923076923077, 0.2962962962962963, 0.2857142857142857, 0.27586206896551724, 0.26666666666666666, 0.25806451612903225, 0.28125, 0.2727272727272727, 0.2647058823529412, 0.2571428571428571, 0.25, 0.24324324324324326, 0.2631578947368421, 0.2564102564102564, 0.275, 0.2682926829268293, 0.2619047619047619, 0.2558139534883721, 0.25, 0.24444444444444444, 0.2391304347826087, 0.23404255319148937, 0.22916666666666666, 0.22448979591836735, 0.22, 0.21568627450980393, 0.21153846153846154, 0.20754716981132076, 0.2037037037037037, 0.2, 0.19642857142857142, 0.19298245614035087, 0.1896551724137931, 0.1864406779661017, 0.2, 0.19672131147540983, 0.1935483870967742, 0.19047619047619047, 0.1875, 0.18461538461538463, 0.18181818181818182, 0.1791044776119403, 0.17647058823529413, 0.17391304347826086, 0.17142857142857143, 0.16901408450704225, 0.16666666666666666, 0.1643835616438356, 0.16216216216216217, 0.17333333333333334, 0.17105263157894737, 0.16883116883116883, 0.1794871794871795, 0.17721518987341772, 0.175, 0.1728395061728395, 0.17073170731707318, 0.1686746987951807, 0.16666666666666666, 0.16470588235294117, 0.16279069767441862, 0.16091954022988506, 0.1590909090909091, 0.15730337078651685, 0.15555555555555556, 0.15384615384615385, 0.15217391304347827, 0.15053763440860216, 0.14893617021276595, 0.14736842105263157, 0.14583333333333334, 0.14432989690721648, 0.14285714285714285, 0.1414141414141414, 0.14]

Query28:
[1.0, 1.0, 1.0, 0.75, 0.8, 0.6666666666666666, 0.5714285714285714, 0.5, 0.4444444444444444, 0.4, 0.36363636363636365, 0.3333333333333333, 0.3076923076923077, 0.2857142857142857, 0.26666666666666666, 0.25, 0.23529411764705882, 0.2222222222222222, 0.21052631578947367, 0.2, 0.19047619047619047, 0.18181818181818182, 0.17391304347826086, 0.16666666666666666, 0.16, 0.15384615384615385, 0.14814814814814814, 0.14285714285714285, 0.13793103448275862, 0.13333333333333333, 0.12903225806451613, 0.125, 0.12121212121212122, 0.11764705882352941, 0.11428571428571428, 0.1111111111111111, 0.10810810810810811, 0.10526315789473684, 0.10256410256410256, 0.1, 0.0975609756097561, 0.09523809523809523, 0.09302325581395349, 0.09090909090909091, 0.08888888888888889, 0.08695652173913043, 0.0851063829787234, 0.08333333333333333, 0.08163265306122448, 0.08, 0.0784313725490196, 0.07692307692307693, 0.07547169811320754, 0.07407407407407407, 0.07272727272727272, 0.07142857142857142, 0.07017543859649122, 0.06896551724137931, 0.06779661016949153, 0.06666666666666667, 0.06557377049180328, 0.06451612903225806, 0.06349206349206349, 0.0625, 0.06153846153846154, 0.06060606060606061, 0.05970149253731343, 0.058823529411764705, 0.057971014492753624, 0.05714285714285714, 0.056338028169014086, 0.05555555555555555, 0.0547945205479452, 0.05405405405405406, 0.05333333333333334, 0.05263157894736842, 0.05194805194805195, 0.05128205128205128, 0.05063291139240506, 0.05, 0.04938271604938271, 0.04878048780487805, 0.04819277108433735, 0.047619047619047616, 0.047058823529411764, 0.046511627906976744, 0.04597701149425287, 0.045454545454545456, 0.0449438202247191, 0.044444444444444446, 0.04395604395604396, 0.043478260869565216, 0.043010752688172046, 0.0425531914893617, 0.042105263157894736, 0.041666666666666664, 0.041237113402061855, 0.04081632653061224, 0.04040404040404041, 0.04]

Query29:
[0.0, 0.0, 0.0, 0.0, 0.2, 0.3333333333333333, 0.2857142857142857, 0.375, 0.4444444444444444, 0.5, 0.5454545454545454, 0.5833333333333334, 0.6153846153846154, 0.6428571428571429, 0.6666666666666666, 0.625, 0.5882352941176471, 0.5555555555555556, 0.5263157894736842, 0.55, 0.5238095238095238, 0.5, 0.4782608695652174, 0.4583333333333333, 0.44, 0.4230769230769231, 0.4074074074074074, 0.39285714285714285, 0.3793103448275862, 0.36666666666666664, 0.3548387096774194, 0.34375, 0.3333333333333333, 0.3235294117647059, 0.3142857142857143, 0.3055555555555556, 0.2972972972972973, 0.2894736842105263, 0.28205128205128205, 0.275, 0.2682926829268293, 0.2619047619047619, 0.2558139534883721, 0.25, 0.24444444444444444, 0.2391304347826087, 0.23404255319148937, 0.22916666666666666, 0.22448979591836735, 0.22, 0.21568627450980393, 0.21153846153846154, 0.20754716981132076, 0.2037037037037037, 0.2, 0.19642857142857142, 0.21052631578947367, 0.20689655172413793, 0.2033898305084746, 0.2, 0.19672131147540983, 0.1935483870967742, 0.19047619047619047, 0.1875, 0.18461538461538463, 0.18181818181818182, 0.1791044776119403, 0.17647058823529413, 0.17391304347826086, 0.17142857142857143, 0.16901408450704225, 0.16666666666666666, 0.1643835616438356, 0.16216216216216217, 0.16, 0.15789473684210525, 0.15584415584415584, 0.15384615384615385, 0.1518987341772152, 0.15, 0.14814814814814814, 0.14634146341463414, 0.14457831325301204, 0.14285714285714285, 0.1411764705882353, 0.13953488372093023, 0.13793103448275862, 0.13636363636363635, 0.1348314606741573, 0.13333333333333333, 0.13186813186813187, 0.13043478260869565, 0.12903225806451613, 0.1276595744680851, 0.12631578947368421, 0.125, 0.12371134020618557, 0.12244897959183673, 0.12121212121212122, 0.12]

Query30:
[0.0, 0.0, 0.0, 0.0, 0.0, 0.0, 0.0, 0.0, 0.0, 0.0, 0.09090909090909091, 0.08333333333333333, 0.07692307692307693, 0.07142857142857142, 0.06666666666666667, 0.0625, 0.058823529411764705, 0.05555555555555555, 0.05263157894736842, 0.05, 0.047619047619047616, 0.045454545454545456, 0.043478260869565216, 0.041666666666666664, 0.04, 0.038461538461538464, 0.037037037037037035, 0.03571428571428571, 0.034482758620689655, 0.03333333333333333, 0.03225806451612903, 0.03125, 0.030303030303030304, 0.029411764705882353, 0.02857142857142857, 0.027777777777777776, 0.02702702702702703, 0.02631578947368421, 0.02564102564102564, 0.025, 0.024390243902439025, 0.023809523809523808, 0.023255813953488372, 0.022727272727272728, 0.022222222222222223, 0.021739130434782608, 0.02127659574468085, 0.020833333333333332, 0.02040816326530612, 0.02, 0.0196078431372549, 0.019230769230769232, 0.018867924528301886, 0.018518518518518517, 0.01818181818181818, 0.017857142857142856, 0.017543859649122806, 0.017241379310344827, 0.01694915254237288, 0.016666666666666666, 0.01639344262295082, 0.016129032258064516, 0.015873015873015872, 0.015625, 0.015384615384615385, 0.015151515151515152, 0.014925373134328358, 0.014705882352941176, 0.014492753623188406, 0.014285714285714285, 0.014084507042253521, 0.013888888888888888, 0.0136986301369863, 0.013513513513513514, 0.013333333333333334, 0.013157894736842105, 0.012987012987012988, 0.01282051282051282, 0.012658227848101266, 0.0125, 0.012345679012345678, 0.012195121951219513, 0.012048192771084338, 0.011904761904761904, 0.011764705882352941, 0.011627906976744186, 0.011494252873563218, 0.011363636363636364, 0.011235955056179775, 0.011111111111111112, 0.01098901098901099, 0.010869565217391304, 0.010752688172043012, 0.010638297872340425, 0.010526315789473684, 0.010416666666666666, 0.010309278350515464, 0.01020408163265306, 0.010101010101010102, 0.01]

Query31:
[0.0, 0.5, 0.3333333333333333, 0.25, 0.2, 0.16666666666666666, 0.14285714285714285, 0.125, 0.1111111111111111, 0.1, 0.09090909090909091, 0.08333333333333333, 0.07692307692307693, 0.07142857142857142, 0.06666666666666667, 0.0625, 0.058823529411764705, 0.05555555555555555, 0.05263157894736842, 0.05, 0.09523809523809523, 0.09090909090909091, 0.08695652173913043, 0.08333333333333333, 0.08, 0.07692307692307693, 0.07407407407407407, 0.07142857142857142, 0.06896551724137931, 0.06666666666666667, 0.06451612903225806, 0.0625, 0.06060606060606061, 0.058823529411764705, 0.05714285714285714, 0.05555555555555555, 0.05405405405405406, 0.05263157894736842, 0.05128205128205128, 0.05, 0.04878048780487805, 0.047619047619047616, 0.046511627906976744, 0.045454545454545456, 0.044444444444444446, 0.043478260869565216, 0.0425531914893617, 0.041666666666666664, 0.04081632653061224, 0.04, 0.0392156862745098, 0.038461538461538464, 0.03773584905660377, 0.037037037037037035, 0.03636363636363636, 0.03571428571428571, 0.03508771929824561, 0.034482758620689655, 0.03389830508474576, 0.03333333333333333, 0.03278688524590164, 0.03225806451612903, 0.031746031746031744, 0.03125, 0.03076923076923077, 0.030303030303030304, 0.029850746268656716, 0.029411764705882353, 0.028985507246376812, 0.02857142857142857, 0.028169014084507043, 0.027777777777777776, 0.0273972602739726, 0.02702702702702703, 0.02666666666666667, 0.02631578947368421, 0.025974025974025976, 0.02564102564102564, 0.02531645569620253, 0.025, 0.024691358024691357, 0.024390243902439025, 0.024096385542168676, 0.023809523809523808, 0.023529411764705882, 0.023255813953488372, 0.022988505747126436, 0.022727272727272728, 0.02247191011235955, 0.022222222222222223, 0.02197802197802198, 0.021739130434782608, 0.021505376344086023, 0.02127659574468085, 0.021052631578947368, 0.020833333333333332, 0.020618556701030927, 0.02040816326530612, 0.020202020202020204, 0.02]

Query32:
[0.0, 0.0, 0.0, 0.0, 0.0, 0.16666666666666666, 0.14285714285714285, 0.125, 0.1111111111111111, 0.1, 0.09090909090909091, 0.08333333333333333, 0.15384615384615385, 0.14285714285714285, 0.13333333333333333, 0.125, 0.11764705882352941, 0.1111111111111111, 0.10526315789473684, 0.1, 0.09523809523809523, 0.09090909090909091, 0.08695652173913043, 0.08333333333333333, 0.08, 0.07692307692307693, 0.07407407407407407, 0.07142857142857142, 0.06896551724137931, 0.06666666666666667, 0.06451612903225806, 0.0625, 0.06060606060606061, 0.058823529411764705, 0.05714285714285714, 0.05555555555555555, 0.05405405405405406, 0.05263157894736842, 0.05128205128205128, 0.05, 0.04878048780487805, 0.047619047619047616, 0.046511627906976744, 0.045454545454545456, 0.044444444444444446, 0.043478260869565216, 0.0425531914893617, 0.041666666666666664, 0.04081632653061224, 0.04, 0.0392156862745098, 0.038461538461538464, 0.03773584905660377, 0.037037037037037035, 0.03636363636363636, 0.03571428571428571, 0.03508771929824561, 0.034482758620689655, 0.03389830508474576, 0.03333333333333333, 0.03278688524590164, 0.03225806451612903, 0.031746031746031744, 0.03125, 0.03076923076923077, 0.030303030303030304, 0.029850746268656716, 0.029411764705882353, 0.028985507246376812, 0.02857142857142857, 0.028169014084507043, 0.027777777777777776, 0.0273972602739726, 0.02702702702702703, 0.02666666666666667, 0.02631578947368421, 0.025974025974025976, 0.02564102564102564, 0.02531645569620253, 0.025, 0.024691358024691357, 0.024390243902439025, 0.024096385542168676, 0.023809523809523808, 0.023529411764705882, 0.023255813953488372, 0.022988505747126436, 0.022727272727272728, 0.02247191011235955, 0.022222222222222223, 0.02197802197802198, 0.021739130434782608, 0.021505376344086023, 0.02127659574468085, 0.021052631578947368, 0.020833333333333332, 0.020618556701030927, 0.02040816326530612, 0.020202020202020204, 0.02]

Query33:
[0.0, 0.0, 0.0, 0.0, 0.0, 0.0, 0.0, 0.0, 0.0, 0.0, 0.0, 0.0, 0.0, 0.0, 0.0, 0.0, 0.0, 0.0, 0.0, 0.0, 0.0, 0.0, 0.0, 0.0, 0.0, 0.0, 0.0, 0.0, 0.0, 0.0, 0.0, 0.0, 0.0, 0.0, 0.0, 0.0, 0.0, 0.0, 0.0, 0.0, 0.0, 0.0, 0.0, 0.0, 0.0, 0.0, 0.0, 0.0, 0.0, 0.0, 0.0, 0.0, 0.0, 0.0, 0.0, 0.0, 0.0, 0.0, 0.0, 0.0, 0.0, 0.0, 0.0, 0.0, 0.0, 0.0, 0.0, 0.0, 0.0, 0.0, 0.0, 0.0, 0.0, 0.0, 0.0, 0.0, 0.0, 0.0, 0.0, 0.0, 0.0, 0.0, 0.0, 0.0, 0.0, 0.0, 0.0, 0.0, 0.0, 0.0, 0.0, 0.0, 0.0, 0.0, 0.0, 0.0, 0.0, 0.0, 0.0, 0.0]

Query34:
[]

Query35:
[]

Query36:
[0.0, 0.0, 0.0, 0.25, 0.2, 0.16666666666666666, 0.2857142857142857, 0.25, 0.2222222222222222, 0.3, 0.2727272727272727, 0.25, 0.3076923076923077, 0.2857142857142857, 0.3333333333333333, 0.3125, 0.29411764705882354, 0.2777777777777778, 0.3157894736842105, 0.3, 0.2857142857142857, 0.2727272727272727, 0.2608695652173913, 0.25, 0.24, 0.23076923076923078, 0.2222222222222222, 0.21428571428571427, 0.20689655172413793, 0.2, 0.22580645161290322, 0.21875, 0.21212121212121213, 0.20588235294117646, 0.22857142857142856, 0.2222222222222222, 0.21621621621621623, 0.21052631578947367, 0.20512820512820512, 0.2, 0.1951219512195122, 0.21428571428571427, 0.20930232558139536, 0.20454545454545456, 0.2, 0.1956521739130435, 0.2127659574468085, 0.22916666666666666, 0.22448979591836735, 0.22, 0.21568627450980393, 0.23076923076923078, 0.22641509433962265, 0.2222222222222222, 0.21818181818181817, 0.21428571428571427, 0.21052631578947367, 0.20689655172413793, 0.22033898305084745, 0.21666666666666667, 0.21311475409836064, 0.20967741935483872, 0.20634920634920634, 0.203125, 0.2, 0.19696969696969696, 0.19402985074626866, 0.19117647058823528, 0.18840579710144928, 0.18571428571428572, 0.18309859154929578, 0.18055555555555555, 0.1780821917808219, 0.17567567567567569, 0.17333333333333334, 0.17105263157894737, 0.16883116883116883, 0.16666666666666666, 0.16455696202531644, 0.1625, 0.1728395061728395, 0.17073170731707318, 0.1686746987951807, 0.16666666666666666, 0.16470588235294117, 0.16279069767441862, 0.16091954022988506, 0.1590909090909091, 0.15730337078651685, 0.15555555555555556, 0.15384615384615385, 0.15217391304347827, 0.15053763440860216, 0.14893617021276595, 0.14736842105263157, 0.14583333333333334, 0.14432989690721648, 0.14285714285714285, 0.1414141414141414, 0.14]

Query37:
[1.0, 0.5, 0.3333333333333333, 0.25, 0.2, 0.16666666666666666, 0.2857142857142857, 0.375, 0.3333333333333333, 0.3, 0.2727272727272727, 0.3333333333333333, 0.3076923076923077, 0.2857142857142857, 0.26666666666666666, 0.25, 0.23529411764705882, 0.2222222222222222, 0.21052631578947367, 0.25, 0.23809523809523808, 0.22727272727272727, 0.21739130434782608, 0.20833333333333334, 0.2, 0.19230769230769232, 0.18518518518518517, 0.17857142857142858, 0.1724137931034483, 0.16666666666666666, 0.16129032258064516, 0.15625, 0.15151515151515152, 0.14705882352941177, 0.14285714285714285, 0.1388888888888889, 0.13513513513513514, 0.13157894736842105, 0.1282051282051282, 0.125, 0.12195121951219512, 0.11904761904761904, 0.11627906976744186, 0.11363636363636363, 0.1111111111111111, 0.10869565217391304, 0.10638297872340426, 0.10416666666666667, 0.10204081632653061, 0.1, 0.09803921568627451, 0.09615384615384616, 0.09433962264150944, 0.09259259259259259, 0.09090909090909091, 0.08928571428571429, 0.08771929824561403, 0.08620689655172414, 0.0847457627118644, 0.08333333333333333, 0.08196721311475409, 0.08064516129032258, 0.07936507936507936, 0.09375, 0.09230769230769231, 0.09090909090909091, 0.08955223880597014, 0.08823529411764706, 0.08695652173913043, 0.08571428571428572, 0.08450704225352113, 0.08333333333333333, 0.0821917808219178, 0.08108108108108109, 0.08, 0.07894736842105263, 0.07792207792207792, 0.07692307692307693, 0.0759493670886076, 0.075, 0.07407407407407407, 0.07317073170731707, 0.07228915662650602, 0.07142857142857142, 0.07058823529411765, 0.06976744186046512, 0.06896551724137931, 0.06818181818181818, 0.06741573033707865, 0.06666666666666667, 0.06593406593406594, 0.06521739130434782, 0.06451612903225806, 0.06382978723404255, 0.06315789473684211, 0.0625, 0.061855670103092786, 0.061224489795918366, 0.06060606060606061, 0.06]

Query38:
[0.0, 0.5, 0.3333333333333333, 0.5, 0.4, 0.3333333333333333, 0.2857142857142857, 0.375, 0.3333333333333333, 0.3, 0.36363636363636365, 0.3333333333333333, 0.3076923076923077, 0.2857142857142857, 0.26666666666666666, 0.25, 0.29411764705882354, 0.2777777777777778, 0.2631578947368421, 0.3, 0.2857142857142857, 0.2727272727272727, 0.2608695652173913, 0.2916666666666667, 0.28, 0.2692307692307692, 0.25925925925925924, 0.25, 0.2413793103448276, 0.23333333333333334, 0.25806451612903225, 0.25, 0.24242424242424243, 0.23529411764705882, 0.2571428571428571, 0.25, 0.24324324324324326, 0.23684210526315788, 0.23076923076923078, 0.225, 0.21951219512195122, 0.21428571428571427, 0.20930232558139536, 0.22727272727272727, 0.2222222222222222, 0.21739130434782608, 0.2127659574468085, 0.20833333333333334, 0.20408163265306123, 0.2, 0.19607843137254902, 0.19230769230769232, 0.18867924528301888, 0.18518518518518517, 0.18181818181818182, 0.17857142857142858, 0.17543859649122806, 0.1724137931034483, 0.1694915254237288, 0.16666666666666666, 0.16393442622950818, 0.16129032258064516, 0.15873015873015872, 0.15625, 0.15384615384615385, 0.15151515151515152, 0.14925373134328357, 0.14705882352941177, 0.14492753623188406, 0.14285714285714285, 0.14084507042253522, 0.1388888888888889, 0.136986301369863, 0.13513513513513514, 0.13333333333333333, 0.13157894736842105, 0.12987012987012986, 0.1282051282051282, 0.12658227848101267, 0.125, 0.12345679012345678, 0.13414634146341464, 0.13253012048192772, 0.13095238095238096, 0.12941176470588237, 0.12790697674418605, 0.12643678160919541, 0.125, 0.12359550561797752, 0.12222222222222222, 0.12087912087912088, 0.11956521739130435, 0.11827956989247312, 0.11702127659574468, 0.11578947368421053, 0.11458333333333333, 0.1134020618556701, 0.11224489795918367, 0.1111111111111111, 0.11]

Query39:
[0.0, 0.5, 0.6666666666666666, 0.75, 0.6, 0.5, 0.42857142857142855, 0.5, 0.4444444444444444, 0.4, 0.36363636363636365, 0.3333333333333333, 0.3076923076923077, 0.35714285714285715, 0.3333333333333333, 0.3125, 0.29411764705882354, 0.2777777777777778, 0.2631578947368421, 0.25, 0.23809523809523808, 0.22727272727272727, 0.21739130434782608, 0.20833333333333334, 0.2, 0.19230769230769232, 0.2222222222222222, 0.21428571428571427, 0.20689655172413793, 0.2, 0.1935483870967742, 0.1875, 0.18181818181818182, 0.17647058823529413, 0.17142857142857143, 0.16666666666666666, 0.16216216216216217, 0.15789473684210525, 0.15384615384615385, 0.15, 0.14634146341463414, 0.14285714285714285, 0.13953488372093023, 0.13636363636363635, 0.13333333333333333, 0.13043478260869565, 0.1276595744680851, 0.125, 0.12244897959183673, 0.12, 0.11764705882352941, 0.11538461538461539, 0.11320754716981132, 0.1111111111111111, 0.10909090909090909, 0.10714285714285714, 0.10526315789473684, 0.1206896551724138, 0.11864406779661017, 0.11666666666666667, 0.11475409836065574, 0.11290322580645161, 0.1111111111111111, 0.109375, 0.1076923076923077, 0.10606060606060606, 0.11940298507462686, 0.11764705882352941, 0.11594202898550725, 0.11428571428571428, 0.11267605633802817, 0.1111111111111111, 0.1095890410958904, 0.10810810810810811, 0.10666666666666667, 0.10526315789473684, 0.1038961038961039, 0.10256410256410256, 0.10126582278481013, 0.1, 0.09876543209876543, 0.0975609756097561, 0.0963855421686747, 0.09523809523809523, 0.09411764705882353, 0.09302325581395349, 0.09195402298850575, 0.09090909090909091, 0.0898876404494382, 0.08888888888888889, 0.08791208791208792, 0.08695652173913043, 0.08602150537634409, 0.0851063829787234, 0.08421052631578947, 0.08333333333333333, 0.08247422680412371, 0.08163265306122448, 0.08080808080808081, 0.08]

Query40:
[1.0, 0.5, 0.3333333333333333, 0.25, 0.2, 0.16666666666666666, 0.14285714285714285, 0.125, 0.1111111111111111, 0.1, 0.18181818181818182, 0.25, 0.3076923076923077, 0.2857142857142857, 0.26666666666666666, 0.25, 0.23529411764705882, 0.2222222222222222, 0.21052631578947367, 0.2, 0.19047619047619047, 0.18181818181818182, 0.17391304347826086, 0.16666666666666666, 0.16, 0.15384615384615385, 0.14814814814814814, 0.14285714285714285, 0.1724137931034483, 0.16666666666666666, 0.1935483870967742, 0.1875, 0.18181818181818182, 0.17647058823529413, 0.17142857142857143, 0.16666666666666666, 0.16216216216216217, 0.18421052631578946, 0.1794871794871795, 0.175, 0.17073170731707318, 0.16666666666666666, 0.16279069767441862, 0.1590909090909091, 0.15555555555555556, 0.15217391304347827, 0.14893617021276595, 0.14583333333333334, 0.16326530612244897, 0.16, 0.1568627450980392, 0.15384615384615385, 0.1509433962264151, 0.14814814814814814, 0.14545454545454545, 0.14285714285714285, 0.14035087719298245, 0.13793103448275862, 0.13559322033898305, 0.13333333333333333, 0.13114754098360656, 0.12903225806451613, 0.12698412698412698, 0.125, 0.12307692307692308, 0.12121212121212122, 0.11940298507462686, 0.11764705882352941, 0.11594202898550725, 0.11428571428571428, 0.11267605633802817, 0.1111111111111111, 0.1095890410958904, 0.10810810810810811, 0.10666666666666667, 0.10526315789473684, 0.1038961038961039, 0.10256410256410256, 0.10126582278481013, 0.1, 0.09876543209876543, 0.0975609756097561, 0.0963855421686747, 0.09523809523809523, 0.09411764705882353, 0.09302325581395349, 0.09195402298850575, 0.09090909090909091, 0.0898876404494382, 0.08888888888888889, 0.08791208791208792, 0.08695652173913043, 0.08602150537634409, 0.0851063829787234, 0.08421052631578947, 0.08333333333333333, 0.08247422680412371, 0.08163265306122448, 0.08080808080808081, 0.08]

Query41:
[]

Query42:
[0.0, 0.5, 0.3333333333333333, 0.5, 0.4, 0.3333333333333333, 0.42857142857142855, 0.375, 0.3333333333333333, 0.3, 0.36363636363636365, 0.3333333333333333, 0.38461538461538464, 0.42857142857142855, 0.4, 0.375, 0.35294117647058826, 0.3333333333333333, 0.3157894736842105, 0.35, 0.3333333333333333, 0.3181818181818182, 0.34782608695652173, 0.3333333333333333, 0.32, 0.3076923076923077, 0.2962962962962963, 0.2857142857142857, 0.27586206896551724, 0.3, 0.3225806451612903, 0.34375, 0.3333333333333333, 0.3235294117647059, 0.3142857142857143, 0.3333333333333333, 0.32432432432432434, 0.3157894736842105, 0.3333333333333333, 0.325, 0.3170731707317073, 0.30952380952380953, 0.3023255813953488, 0.29545454545454547, 0.28888888888888886, 0.2826086956521739, 0.2765957446808511, 0.2708333333333333, 0.2653061224489796, 0.26, 0.2549019607843137, 0.25, 0.24528301886792453, 0.24074074074074073, 0.23636363636363636, 0.23214285714285715, 0.22807017543859648, 0.22413793103448276, 0.22033898305084745, 0.21666666666666667, 0.21311475409836064, 0.20967741935483872, 0.20634920634920634, 0.203125, 0.2, 0.19696969696969696, 0.19402985074626866, 0.19117647058823528, 0.18840579710144928, 0.18571428571428572, 0.18309859154929578, 0.19444444444444445, 0.1917808219178082, 0.1891891891891892, 0.18666666666666668, 0.18421052631578946, 0.18181818181818182, 0.1794871794871795, 0.17721518987341772, 0.175, 0.1728395061728395, 0.17073170731707318, 0.1686746987951807, 0.16666666666666666, 0.16470588235294117, 0.16279069767441862, 0.16091954022988506, 0.1590909090909091, 0.15730337078651685, 0.15555555555555556, 0.15384615384615385, 0.15217391304347827, 0.15053763440860216, 0.14893617021276595, 0.14736842105263157, 0.14583333333333334, 0.14432989690721648, 0.14285714285714285, 0.1414141414141414, 0.14]

Query43:
[0.0, 0.0, 0.0, 0.0, 0.0, 0.0, 0.14285714285714285, 0.125, 0.2222222222222222, 0.2, 0.18181818181818182, 0.16666666666666666, 0.15384615384615385, 0.14285714285714285, 0.2, 0.1875, 0.23529411764705882, 0.2222222222222222, 0.21052631578947367, 0.2, 0.19047619047619047, 0.18181818181818182, 0.17391304347826086, 0.16666666666666666, 0.16, 0.15384615384615385, 0.14814814814814814, 0.14285714285714285, 0.13793103448275862, 0.13333333333333333, 0.12903225806451613, 0.15625, 0.15151515151515152, 0.14705882352941177, 0.14285714285714285, 0.1388888888888889, 0.13513513513513514, 0.13157894736842105, 0.1282051282051282, 0.125, 0.12195121951219512, 0.11904761904761904, 0.11627906976744186, 0.11363636363636363, 0.1111111111111111, 0.10869565217391304, 0.10638297872340426, 0.10416666666666667, 0.10204081632653061, 0.1, 0.09803921568627451, 0.09615384615384616, 0.09433962264150944, 0.09259259259259259, 0.09090909090909091, 0.08928571428571429, 0.08771929824561403, 0.08620689655172414, 0.1016949152542373, 0.1, 0.09836065573770492, 0.0967741935483871, 0.09523809523809523, 0.09375, 0.09230769230769231, 0.09090909090909091, 0.08955223880597014, 0.08823529411764706, 0.10144927536231885, 0.1, 0.09859154929577464, 0.1111111111111111, 0.1095890410958904, 0.10810810810810811, 0.10666666666666667, 0.10526315789473684, 0.1038961038961039, 0.10256410256410256, 0.10126582278481013, 0.1, 0.09876543209876543, 0.0975609756097561, 0.0963855421686747, 0.09523809523809523, 0.09411764705882353, 0.09302325581395349, 0.09195402298850575, 0.09090909090909091, 0.0898876404494382, 0.08888888888888889, 0.08791208791208792, 0.08695652173913043, 0.08602150537634409, 0.0851063829787234, 0.08421052631578947, 0.08333333333333333, 0.08247422680412371, 0.08163265306122448, 0.08080808080808081, 0.08]

Query44:
[1.0, 1.0, 0.6666666666666666, 0.5, 0.4, 0.3333333333333333, 0.2857142857142857, 0.25, 0.2222222222222222, 0.2, 0.18181818181818182, 0.16666666666666666, 0.15384615384615385, 0.14285714285714285, 0.13333333333333333, 0.125, 0.11764705882352941, 0.1111111111111111, 0.10526315789473684, 0.1, 0.09523809523809523, 0.09090909090909091, 0.08695652173913043, 0.08333333333333333, 0.08, 0.07692307692307693, 0.07407407407407407, 0.10714285714285714, 0.10344827586206896, 0.1, 0.0967741935483871, 0.09375, 0.09090909090909091, 0.08823529411764706, 0.08571428571428572, 0.08333333333333333, 0.08108108108108109, 0.07894736842105263, 0.07692307692307693, 0.075, 0.07317073170731707, 0.07142857142857142, 0.06976744186046512, 0.06818181818181818, 0.06666666666666667, 0.06521739130434782, 0.06382978723404255, 0.0625, 0.061224489795918366, 0.06, 0.058823529411764705, 0.057692307692307696, 0.05660377358490566, 0.05555555555555555, 0.05454545454545454, 0.05357142857142857, 0.05263157894736842, 0.05172413793103448, 0.05084745762711865, 0.05, 0.04918032786885246, 0.04838709677419355, 0.047619047619047616, 0.046875, 0.046153846153846156, 0.045454545454545456, 0.04477611940298507, 0.04411764705882353, 0.043478260869565216, 0.04285714285714286, 0.04225352112676056, 0.041666666666666664, 0.0410958904109589, 0.04054054054054054, 0.04, 0.039473684210526314, 0.03896103896103896, 0.038461538461538464, 0.0379746835443038, 0.0375, 0.037037037037037035, 0.036585365853658534, 0.03614457831325301, 0.03571428571428571, 0.03529411764705882, 0.03488372093023256, 0.034482758620689655, 0.03409090909090909, 0.033707865168539325, 0.03333333333333333, 0.03296703296703297, 0.03260869565217391, 0.03225806451612903, 0.031914893617021274, 0.031578947368421054, 0.03125, 0.030927835051546393, 0.030612244897959183, 0.030303030303030304, 0.03]

Query45:
[0.0, 0.0, 0.3333333333333333, 0.25, 0.2, 0.16666666666666666, 0.14285714285714285, 0.125, 0.2222222222222222, 0.3, 0.36363636363636365, 0.4166666666666667, 0.38461538461538464, 0.35714285714285715, 0.3333333333333333, 0.3125, 0.29411764705882354, 0.2777777777777778, 0.2631578947368421, 0.25, 0.23809523809523808, 0.22727272727272727, 0.2608695652173913, 0.25, 0.28, 0.2692307692307692, 0.25925925925925924, 0.25, 0.2413793103448276, 0.23333333333333334, 0.25806451612903225, 0.25, 0.24242424242424243, 0.23529411764705882, 0.22857142857142856, 0.2222222222222222, 0.21621621621621623, 0.21052631578947367, 0.23076923076923078, 0.225, 0.21951219512195122, 0.21428571428571427, 0.20930232558139536, 0.20454545454545456, 0.2, 0.1956521739130435, 0.19148936170212766, 0.1875, 0.1836734693877551, 0.18, 0.17647058823529413, 0.17307692307692307, 0.16981132075471697, 0.16666666666666666, 0.16363636363636364, 0.16071428571428573, 0.15789473684210525, 0.15517241379310345, 0.15254237288135594, 0.15, 0.14754098360655737, 0.14516129032258066, 0.14285714285714285, 0.140625, 0.15384615384615385, 0.15151515151515152, 0.14925373134328357, 0.14705882352941177, 0.14492753623188406, 0.14285714285714285, 0.14084507042253522, 0.1527777777777778, 0.1506849315068493, 0.14864864864864866, 0.14666666666666667, 0.14473684210526316, 0.14285714285714285, 0.14102564102564102, 0.13924050632911392, 0.1375, 0.14814814814814814, 0.14634146341463414, 0.14457831325301204, 0.14285714285714285, 0.1411764705882353, 0.13953488372093023, 0.13793103448275862, 0.14772727272727273, 0.14606741573033707, 0.14444444444444443, 0.14285714285714285, 0.14130434782608695, 0.13978494623655913, 0.13829787234042554, 0.1368421052631579, 0.13541666666666666, 0.13402061855670103, 0.1326530612244898, 0.13131313131313133, 0.13]

Query46:
[]

Query47:
[]

Query48:
[0.0, 0.0, 0.0, 0.0, 0.0, 0.16666666666666666, 0.14285714285714285, 0.125, 0.1111111111111111, 0.1, 0.09090909090909091, 0.08333333333333333, 0.07692307692307693, 0.07142857142857142, 0.06666666666666667, 0.0625, 0.058823529411764705, 0.1111111111111111, 0.10526315789473684, 0.1, 0.09523809523809523, 0.09090909090909091, 0.08695652173913043, 0.08333333333333333, 0.08, 0.07692307692307693, 0.07407407407407407, 0.07142857142857142, 0.06896551724137931, 0.06666666666666667, 0.06451612903225806, 0.0625, 0.06060606060606061, 0.058823529411764705, 0.05714285714285714, 0.05555555555555555, 0.05405405405405406, 0.05263157894736842, 0.05128205128205128, 0.05, 0.04878048780487805, 0.047619047619047616, 0.046511627906976744, 0.045454545454545456, 0.044444444444444446, 0.06521739130434782, 0.06382978723404255, 0.0625, 0.061224489795918366, 0.06, 0.058823529411764705, 0.057692307692307696, 0.05660377358490566, 0.05555555555555555, 0.05454545454545454, 0.05357142857142857, 0.07017543859649122, 0.06896551724137931, 0.06779661016949153, 0.06666666666666667, 0.06557377049180328, 0.06451612903225806, 0.06349206349206349, 0.0625, 0.06153846153846154, 0.06060606060606061, 0.05970149253731343, 0.058823529411764705, 0.057971014492753624, 0.05714285714285714, 0.056338028169014086, 0.05555555555555555, 0.0547945205479452, 0.05405405405405406, 0.05333333333333334, 0.05263157894736842, 0.05194805194805195, 0.05128205128205128, 0.05063291139240506, 0.05, 0.06172839506172839, 0.06097560975609756, 0.060240963855421686, 0.05952380952380952, 0.058823529411764705, 0.05813953488372093, 0.05747126436781609, 0.056818181818181816, 0.056179775280898875, 0.05555555555555555, 0.054945054945054944, 0.05434782608695652, 0.053763440860215055, 0.05319148936170213, 0.05263157894736842, 0.052083333333333336, 0.05154639175257732, 0.05102040816326531, 0.050505050505050504, 0.05]

Query49:
[0.0, 0.0, 0.0, 0.0, 0.2, 0.16666666666666666, 0.14285714285714285, 0.125, 0.2222222222222222, 0.2, 0.18181818181818182, 0.16666666666666666, 0.15384615384615385, 0.14285714285714285, 0.13333333333333333, 0.125, 0.11764705882352941, 0.1111111111111111, 0.10526315789473684, 0.1, 0.09523809523809523, 0.09090909090909091, 0.08695652173913043, 0.08333333333333333, 0.12, 0.11538461538461539, 0.1111111111111111, 0.10714285714285714, 0.10344827586206896, 0.1, 0.12903225806451613, 0.125, 0.12121212121212122, 0.11764705882352941, 0.11428571428571428, 0.1111111111111111, 0.10810810810810811, 0.10526315789473684, 0.10256410256410256, 0.1, 0.0975609756097561, 0.09523809523809523, 0.09302325581395349, 0.09090909090909091, 0.08888888888888889, 0.10869565217391304, 0.10638297872340426, 0.10416666666666667, 0.10204081632653061, 0.1, 0.09803921568627451, 0.09615384615384616, 0.09433962264150944, 0.09259259259259259, 0.09090909090909091, 0.08928571428571429, 0.08771929824561403, 0.08620689655172414, 0.0847457627118644, 0.08333333333333333, 0.08196721311475409, 0.08064516129032258, 0.07936507936507936, 0.078125, 0.07692307692307693, 0.07575757575757576, 0.07462686567164178, 0.07352941176470588, 0.07246376811594203, 0.07142857142857142, 0.07042253521126761, 0.06944444444444445, 0.0684931506849315, 0.06756756756756757, 0.06666666666666667, 0.06578947368421052, 0.06493506493506493, 0.0641025641025641, 0.06329113924050633, 0.0625, 0.06172839506172839, 0.06097560975609756, 0.060240963855421686, 0.05952380952380952, 0.058823529411764705, 0.05813953488372093, 0.05747126436781609, 0.056818181818181816, 0.056179775280898875, 0.05555555555555555, 0.054945054945054944, 0.05434782608695652, 0.053763440860215055, 0.05319148936170213, 0.05263157894736842, 0.052083333333333336, 0.05154639175257732, 0.05102040816326531, 0.050505050505050504, 0.05]

Query50:
[]

Query51:
[]

Query52:
[]

Query53:
[]

Query54:
[]

Query55:
[]

Query56:
[]

Query57:
[1.0, 0.5, 0.3333333333333333, 0.25, 0.2, 0.16666666666666666, 0.14285714285714285, 0.125, 0.1111111111111111, 0.1, 0.09090909090909091, 0.08333333333333333, 0.07692307692307693, 0.07142857142857142, 0.06666666666666667, 0.0625, 0.058823529411764705, 0.05555555555555555, 0.05263157894736842, 0.05, 0.047619047619047616, 0.045454545454545456, 0.043478260869565216, 0.041666666666666664, 0.04, 0.038461538461538464, 0.037037037037037035, 0.03571428571428571, 0.034482758620689655, 0.03333333333333333, 0.03225806451612903, 0.03125, 0.030303030303030304, 0.029411764705882353, 0.02857142857142857, 0.027777777777777776, 0.02702702702702703, 0.02631578947368421, 0.02564102564102564, 0.025, 0.024390243902439025, 0.023809523809523808, 0.023255813953488372, 0.022727272727272728, 0.022222222222222223, 0.021739130434782608, 0.02127659574468085, 0.020833333333333332, 0.02040816326530612, 0.02, 0.0196078431372549, 0.019230769230769232, 0.018867924528301886, 0.018518518518518517, 0.01818181818181818, 0.017857142857142856, 0.017543859649122806, 0.017241379310344827, 0.01694915254237288, 0.016666666666666666, 0.01639344262295082, 0.016129032258064516, 0.015873015873015872, 0.015625, 0.015384615384615385, 0.015151515151515152, 0.014925373134328358, 0.014705882352941176, 0.014492753623188406, 0.014285714285714285, 0.014084507042253521, 0.013888888888888888, 0.0136986301369863, 0.013513513513513514, 0.013333333333333334, 0.013157894736842105, 0.012987012987012988, 0.01282051282051282, 0.012658227848101266, 0.0125, 0.012345679012345678, 0.012195121951219513, 0.012048192771084338, 0.011904761904761904, 0.011764705882352941, 0.011627906976744186, 0.011494252873563218, 0.011363636363636364, 0.011235955056179775, 0.011111111111111112, 0.01098901098901099, 0.010869565217391304, 0.010752688172043012, 0.010638297872340425, 0.010526315789473684, 0.010416666666666666, 0.010309278350515464, 0.01020408163265306, 0.010101010101010102, 0.01]

Query58:
[1.0, 1.0, 0.6666666666666666, 0.75, 0.6, 0.5, 0.42857142857142855, 0.375, 0.3333333333333333, 0.4, 0.36363636363636365, 0.3333333333333333, 0.3076923076923077, 0.2857142857142857, 0.3333333333333333, 0.3125, 0.29411764705882354, 0.2777777777777778, 0.2631578947368421, 0.25, 0.23809523809523808, 0.22727272727272727, 0.21739130434782608, 0.20833333333333334, 0.2, 0.19230769230769232, 0.18518518518518517, 0.17857142857142858, 0.1724137931034483, 0.16666666666666666, 0.16129032258064516, 0.15625, 0.15151515151515152, 0.14705882352941177, 0.14285714285714285, 0.1388888888888889, 0.16216216216216217, 0.15789473684210525, 0.15384615384615385, 0.15, 0.14634146341463414, 0.14285714285714285, 0.16279069767441862, 0.1590909090909091, 0.15555555555555556, 0.15217391304347827, 0.1702127659574468, 0.16666666666666666, 0.16326530612244897, 0.16, 0.1568627450980392, 0.15384615384615385, 0.1509433962264151, 0.14814814814814814, 0.14545454545454545, 0.14285714285714285, 0.14035087719298245, 0.13793103448275862, 0.13559322033898305, 0.13333333333333333, 0.13114754098360656, 0.12903225806451613, 0.12698412698412698, 0.125, 0.12307692307692308, 0.12121212121212122, 0.13432835820895522, 0.1323529411764706, 0.13043478260869565, 0.12857142857142856, 0.1267605633802817, 0.125, 0.1232876712328767, 0.12162162162162163, 0.12, 0.11842105263157894, 0.11688311688311688, 0.11538461538461539, 0.11392405063291139, 0.1125, 0.1111111111111111, 0.10975609756097561, 0.10843373493975904, 0.10714285714285714, 0.10588235294117647, 0.10465116279069768, 0.10344827586206896, 0.10227272727272728, 0.10112359550561797, 0.1, 0.0989010989010989, 0.09782608695652174, 0.0967741935483871, 0.09574468085106383, 0.09473684210526316, 0.09375, 0.09278350515463918, 0.09183673469387756, 0.09090909090909091, 0.09]

Query59:
[0.0, 0.5, 0.6666666666666666, 0.5, 0.4, 0.3333333333333333, 0.42857142857142855, 0.5, 0.4444444444444444, 0.5, 0.45454545454545453, 0.4166666666666667, 0.38461538461538464, 0.35714285714285715, 0.3333333333333333, 0.3125, 0.29411764705882354, 0.2777777777777778, 0.2631578947368421, 0.3, 0.2857142857142857, 0.2727272727272727, 0.30434782608695654, 0.3333333333333333, 0.32, 0.3076923076923077, 0.3333333333333333, 0.32142857142857145, 0.3103448275862069, 0.3333333333333333, 0.3225806451612903, 0.3125, 0.30303030303030304, 0.29411764705882354, 0.2857142857142857, 0.2777777777777778, 0.2702702702702703, 0.2631578947368421, 0.2564102564102564, 0.25, 0.24390243902439024, 0.23809523809523808, 0.23255813953488372, 0.22727272727272727, 0.2222222222222222, 0.21739130434782608, 0.2127659574468085, 0.20833333333333334, 0.20408163265306123, 0.2, 0.19607843137254902, 0.19230769230769232, 0.18867924528301888, 0.18518518518518517, 0.18181818181818182, 0.19642857142857142, 0.19298245614035087, 0.1896551724137931, 0.1864406779661017, 0.18333333333333332, 0.18032786885245902, 0.1774193548387097, 0.1746031746031746, 0.171875, 0.16923076923076924, 0.16666666666666666, 0.16417910447761194, 0.16176470588235295, 0.15942028985507245, 0.15714285714285714, 0.15492957746478872, 0.1527777777777778, 0.1506849315068493, 0.14864864864864866, 0.14666666666666667, 0.14473684210526316, 0.14285714285714285, 0.14102564102564102, 0.13924050632911392, 0.1375, 0.13580246913580246, 0.13414634146341464, 0.13253012048192772, 0.13095238095238096, 0.12941176470588237, 0.12790697674418605, 0.12643678160919541, 0.125, 0.12359550561797752, 0.12222222222222222, 0.12087912087912088, 0.11956521739130435, 0.11827956989247312, 0.11702127659574468, 0.11578947368421053, 0.11458333333333333, 0.1134020618556701, 0.11224489795918367, 0.1111111111111111, 0.11]

Query60:
[1.0, 0.5, 0.3333333333333333, 0.5, 0.6, 0.5, 0.42857142857142855, 0.375, 0.3333333333333333, 0.3, 0.2727272727272727, 0.3333333333333333, 0.3076923076923077, 0.2857142857142857, 0.26666666666666666, 0.25, 0.29411764705882354, 0.3333333333333333, 0.3157894736842105, 0.3, 0.2857142857142857, 0.2727272727272727, 0.2608695652173913, 0.25, 0.28, 0.2692307692307692, 0.2962962962962963, 0.2857142857142857, 0.27586206896551724, 0.26666666666666666, 0.25806451612903225, 0.25, 0.24242424242424243, 0.23529411764705882, 0.22857142857142856, 0.2222222222222222, 0.21621621621621623, 0.21052631578947367, 0.20512820512820512, 0.2, 0.1951219512195122, 0.19047619047619047, 0.18604651162790697, 0.18181818181818182, 0.17777777777777778, 0.17391304347826086, 0.1702127659574468, 0.16666666666666666, 0.16326530612244897, 0.16, 0.1568627450980392, 0.15384615384615385, 0.1509433962264151, 0.14814814814814814, 0.14545454545454545, 0.14285714285714285, 0.14035087719298245, 0.13793103448275862, 0.13559322033898305, 0.13333333333333333, 0.14754098360655737, 0.14516129032258066, 0.14285714285714285, 0.140625, 0.13846153846153847, 0.13636363636363635, 0.13432835820895522, 0.1323529411764706, 0.13043478260869565, 0.12857142857142856, 0.1267605633802817, 0.125, 0.1232876712328767, 0.12162162162162163, 0.12, 0.11842105263157894, 0.11688311688311688, 0.11538461538461539, 0.11392405063291139, 0.1125, 0.1111111111111111, 0.12195121951219512, 0.12048192771084337, 0.11904761904761904, 0.11764705882352941, 0.12790697674418605, 0.12643678160919541, 0.125, 0.12359550561797752, 0.12222222222222222, 0.12087912087912088, 0.11956521739130435, 0.11827956989247312, 0.11702127659574468, 0.11578947368421053, 0.11458333333333333, 0.12371134020618557, 0.12244897959183673, 0.12121212121212122, 0.12]

Query61:
[1.0, 1.0, 1.0, 0.75, 0.8, 0.6666666666666666, 0.7142857142857143, 0.75, 0.7777777777777778, 0.8, 0.7272727272727273, 0.6666666666666666, 0.6153846153846154, 0.5714285714285714, 0.5333333333333333, 0.5625, 0.5882352941176471, 0.5555555555555556, 0.5789473684210527, 0.6, 0.6190476190476191, 0.6363636363636364, 0.6086956521739131, 0.5833333333333334, 0.56, 0.5384615384615384, 0.5185185185185185, 0.5, 0.5172413793103449, 0.5, 0.5161290322580645, 0.5, 0.48484848484848486, 0.47058823529411764, 0.45714285714285713, 0.4444444444444444, 0.43243243243243246, 0.42105263157894735, 0.4358974358974359, 0.425, 0.4146341463414634, 0.40476190476190477, 0.3953488372093023, 0.38636363636363635, 0.37777777777777777, 0.3695652173913043, 0.3617021276595745, 0.3541666666666667, 0.3469387755102041, 0.34, 0.3333333333333333, 0.3269230769230769, 0.33962264150943394, 0.3333333333333333, 0.34545454545454546, 0.3392857142857143, 0.3333333333333333, 0.3275862068965517, 0.3220338983050847, 0.3333333333333333, 0.32786885245901637, 0.3387096774193548, 0.3333333333333333, 0.328125, 0.3230769230769231, 0.3181818181818182, 0.31343283582089554, 0.3088235294117647, 0.30434782608695654, 0.3, 0.29577464788732394, 0.2916666666666667, 0.2876712328767123, 0.28378378378378377, 0.28, 0.27631578947368424, 0.2727272727272727, 0.2692307692307692, 0.26582278481012656, 0.2625, 0.25925925925925924, 0.25609756097560976, 0.25301204819277107, 0.25, 0.24705882352941178, 0.2441860465116279, 0.2413793103448276, 0.23863636363636365, 0.23595505617977527, 0.23333333333333334, 0.23076923076923078, 0.22826086956521738, 0.22580645161290322, 0.22340425531914893, 0.22105263157894736, 0.21875, 0.21649484536082475, 0.21428571428571427, 0.21212121212121213, 0.21]

Query62:
[0.0, 0.0, 0.0, 0.0, 0.0, 0.0, 0.0, 0.0, 0.0, 0.0, 0.0, 0.0, 0.0, 0.0, 0.06666666666666667, 0.0625, 0.058823529411764705, 0.05555555555555555, 0.05263157894736842, 0.05, 0.047619047619047616, 0.045454545454545456, 0.043478260869565216, 0.041666666666666664, 0.04, 0.038461538461538464, 0.037037037037037035, 0.03571428571428571, 0.06896551724137931, 0.06666666666666667, 0.06451612903225806, 0.0625, 0.06060606060606061, 0.058823529411764705, 0.05714285714285714, 0.05555555555555555, 0.05405405405405406, 0.05263157894736842, 0.05128205128205128, 0.05, 0.04878048780487805, 0.047619047619047616, 0.046511627906976744, 0.045454545454545456, 0.044444444444444446, 0.043478260869565216, 0.0425531914893617, 0.041666666666666664, 0.04081632653061224, 0.04, 0.0392156862745098, 0.038461538461538464, 0.03773584905660377, 0.037037037037037035, 0.03636363636363636, 0.03571428571428571, 0.03508771929824561, 0.034482758620689655, 0.03389830508474576, 0.03333333333333333, 0.03278688524590164, 0.03225806451612903, 0.031746031746031744, 0.03125, 0.03076923076923077, 0.030303030303030304, 0.029850746268656716, 0.029411764705882353, 0.028985507246376812, 0.02857142857142857, 0.04225352112676056, 0.041666666666666664, 0.0410958904109589, 0.04054054054054054, 0.04, 0.039473684210526314, 0.03896103896103896, 0.038461538461538464, 0.0379746835443038, 0.0375, 0.037037037037037035, 0.036585365853658534, 0.03614457831325301, 0.03571428571428571, 0.03529411764705882, 0.03488372093023256, 0.034482758620689655, 0.03409090909090909, 0.033707865168539325, 0.03333333333333333, 0.03296703296703297, 0.03260869565217391, 0.03225806451612903, 0.031914893617021274, 0.031578947368421054, 0.03125, 0.030927835051546393, 0.030612244897959183, 0.030303030303030304, 0.03]

Query63:
[1.0, 1.0, 1.0, 1.0, 0.8, 0.6666666666666666, 0.5714285714285714, 0.625, 0.5555555555555556, 0.6, 0.5454545454545454, 0.5833333333333334, 0.6153846153846154, 0.5714285714285714, 0.6, 0.5625, 0.5294117647058824, 0.5, 0.47368421052631576, 0.45, 0.47619047619047616, 0.45454545454545453, 0.43478260869565216, 0.4166666666666667, 0.4, 0.38461538461538464, 0.37037037037037035, 0.35714285714285715, 0.3448275862068966, 0.3333333333333333, 0.3225806451612903, 0.3125, 0.30303030303030304, 0.29411764705882354, 0.2857142857142857, 0.2777777777777778, 0.2702702702702703, 0.2631578947368421, 0.2564102564102564, 0.25, 0.24390243902439024, 0.23809523809523808, 0.23255813953488372, 0.22727272727272727, 0.2222222222222222, 0.21739130434782608, 0.2127659574468085, 0.20833333333333334, 0.20408163265306123, 0.2, 0.19607843137254902, 0.19230769230769232, 0.18867924528301888, 0.18518518518518517, 0.18181818181818182, 0.17857142857142858, 0.17543859649122806, 0.1724137931034483, 0.1694915254237288, 0.16666666666666666, 0.16393442622950818, 0.16129032258064516, 0.15873015873015872, 0.15625, 0.15384615384615385, 0.15151515151515152, 0.14925373134328357, 0.14705882352941177, 0.14492753623188406, 0.14285714285714285, 0.14084507042253522, 0.1388888888888889, 0.136986301369863, 0.13513513513513514, 0.13333333333333333, 0.13157894736842105, 0.12987012987012986, 0.1282051282051282, 0.12658227848101267, 0.125, 0.12345679012345678, 0.12195121951219512, 0.12048192771084337, 0.11904761904761904, 0.11764705882352941, 0.11627906976744186, 0.11494252873563218, 0.11363636363636363, 0.11235955056179775, 0.1111111111111111, 0.10989010989010989, 0.10869565217391304, 0.10752688172043011, 0.10638297872340426, 0.10526315789473684, 0.10416666666666667, 0.10309278350515463, 0.10204081632653061, 0.10101010101010101, 0.1]

Query64:
[0.0, 0.0, 0.0, 0.0, 0.0, 0.0, 0.0, 0.0, 0.0, 0.0, 0.0, 0.0, 0.0, 0.0, 0.0, 0.0, 0.0, 0.0, 0.0, 0.0, 0.0, 0.0, 0.0, 0.0, 0.0, 0.0, 0.0, 0.0, 0.0, 0.0, 0.0, 0.0, 0.0, 0.0, 0.0, 0.0, 0.0, 0.0, 0.0, 0.0, 0.0, 0.0, 0.0, 0.0, 0.0, 0.0, 0.0, 0.0, 0.0, 0.0, 0.0, 0.0, 0.0, 0.0, 0.0, 0.0, 0.0, 0.0, 0.0, 0.0, 0.0, 0.0, 0.0, 0.0, 0.0, 0.0, 0.0, 0.0, 0.0, 0.0, 0.0, 0.0, 0.0, 0.0, 0.0, 0.0, 0.0, 0.0, 0.0, 0.0, 0.0, 0.0, 0.0, 0.0, 0.0, 0.0, 0.0, 0.0, 0.0, 0.0, 0.0, 0.0, 0.0, 0.0, 0.0, 0.0, 0.0, 0.0, 0.0, 0.0]

